0,1,3263,9047,95021,999
1,1,3729,3720,122588,7000
2,1,3729,3720,122588,7000
3,1,3729,3720,122588,7000
4,1,3729,3720,122588,7000
5,2,13049,20506,320006,9999
6,2,13049,20506,320006,9999
7,2,13049,20506,33723,9999
8,2,13049,20506,33724,9999
9,2,13049,20506,320009,9999
10,2,13049,20506,320010,9999
11,2,13049,20506,320011,9999
12,2,13049,20506,320012,9999
105,2,13049,20506,343635,10999
106,2,13049,20506,343635,10999
107,2,13049,20506,343636,10999
108,2,13049,20506,343636,10999
109,2,13049,20506,343636,10999
110,2,13049,20506,343636,10999
111,2,13049,20506,343637,10999
112,2,13049,20506,343637,10999