0,12,7865,111203,476879,0
1,12,7865,111203,441759,0
2,12,7865,111203,468953,0
3,12,7865,111203,434488,0
4,12,7865,111203,583732,0
5,12,7865,111203,581623,0
6,12,7865,111203,581733,0
7,1,383,9047,66405,46999
8,1,47,1408,31010,56000
9,1,640,4810,88252,75999
10,8,8960,82447,231593,98999
11,8,8960,82447,231593,98999
12,8,8960,82447,231593,98999
13,8,8960,82447,386227,98999
14,8,8960,82447,386227,98999
15,8,8960,82447,386227,98999
16,1,640,4810,89309,125000
17,1,640,4810,113568,127999
18,1,192,4524,341162,162000
19,1,383,9047,238813,176000
20,1,383,9047,238813,176000
21,1,383,9047,120431,176000
22,1,383,9047,120431,176000
23,6,3933,55739,42848,186999
24,1,640,4810,111270,195999
25,1,640,4810,132486,199000
26,1,640,4810,113249,206000
27,6,3933,55739,27973,207000
28,1,1280,8932,318372,221000
29,1,1280,8932,318373,221000
30,1,1280,8932,318373,221000
31,1,1280,8932,318373,221000
32,1,1280,8932,318374,221000
33,1,1280,8932,318375,221000
34,1,1280,8932,318376,221000
35,3,1967,27987,44114,221000
36,3,1967,27987,5069,229000
37,3,1967,27987,6256,229000
38,3,1967,27987,7200,229000
39,6,3933,55739,7287,229000
40,3,1967,27987,7889,229000
41,6,3933,55739,7394,229000
42,3,1967,27987,7892,229000
43,6,3933,55739,7389,229000
44,3,1967,27987,8774,229000
45,3,1967,27987,6726,229000
46,3,1967,27987,7897,229000
47,3,1967,27987,5965,229000
48,3,1967,27987,8227,229000
49,3,1967,27987,6726,229000
50,3,1967,27987,5358,229999
51,6,3933,55739,5712,229999
52,3,1967,27987,6773,229999
53,3,1967,27987,5357,229999
54,3,1967,27987,5359,229999
55,3,1967,27987,5413,229999
56,3,1967,27987,6887,229999
57,3,1967,27987,6898,229999
58,6,3933,55739,4969,229999
59,6,3933,55739,5438,229999
60,3,1967,27987,5434,229999
61,3,1967,27987,5429,229999
62,6,3933,55739,4967,229999
63,3,1967,27987,6881,229999
64,3,1967,27987,4712,230999
65,12,7865,111203,2382,230999
66,12,7865,111203,2834,230999
67,3,1967,27987,3964,230999
68,6,3933,55739,4435,230999
69,6,3933,55739,5401,230999
70,3,1967,27987,4974,230999
71,6,3933,55739,5402,230999
72,3,1967,27987,5397,230999
73,3,1967,27987,4729,230999
74,3,1967,27987,3973,230999
75,3,1967,27987,3971,230999
76,6,3933,55739,5403,230999
77,3,1967,27987,5396,230999
78,3,1967,27987,5390,230999
79,3,1967,27987,3393,230999
80,6,3933,55739,4432,230999
81,6,3933,55739,3973,230999
82,6,3933,55739,3966,230999
83,3,1967,27987,4429,230999
84,3,1967,27987,34113,230999
85,3,1967,27987,4725,230999
86,3,1967,27987,5402,230999
87,3,1967,27987,4865,231999
88,3,1967,27987,3804,231999
89,3,1967,27987,33067,231999
90,12,7865,111203,2725,231999
91,3,1967,27987,3070,231999
92,3,1967,27987,3434,231999
93,3,1967,27987,4899,231999
94,3,1967,27987,4891,231999
95,3,1967,27987,5772,231999
96,3,1967,27987,3428,231999
97,3,1967,27987,4896,231999
98,3,1967,27987,3972,231999
99,3,1967,27987,3971,231999
100,3,1967,27987,3436,231999
101,3,1967,27987,3433,231999
102,6,3933,55739,4393,231999
103,3,1967,27987,4895,231999
104,6,3933,55739,3436,231999
105,3,1967,27987,2969,231999
106,3,1967,27987,4892,231999
107,6,3933,55739,2974,231999
108,3,1967,27987,4388,231999
109,3,1967,27987,4400,231999
110,3,1967,27987,5773,231999
111,3,1967,27987,3975,231999
112,3,1967,27987,2545,231999
113,3,1967,27987,4249,231999
114,3,1967,27987,3905,231999
115,3,1967,27987,3608,231999
116,3,1967,27987,3405,231999
117,3,1967,27987,2765,231999
118,3,1967,27987,4511,231999
119,3,1967,27987,2724,232999
120,3,1967,27987,3406,232999
121,3,1967,27987,3899,232999
122,3,1967,27987,1962,232999
123,3,1967,27987,2727,232999
124,3,1967,27987,32120,232999
125,3,1967,27987,520,232999
126,3,1967,27987,3392,232999
127,3,1967,27987,2972,232999
128,3,1967,27987,3889,232999
129,3,1967,27987,3399,232999
130,3,1967,27987,3391,232999
131,3,1967,27987,3388,232999
132,12,7865,111203,3395,232999
133,12,7865,111203,1969,232999
134,3,1967,27987,3225,234000
135,3,1967,27987,1427,234000
136,12,7865,111203,2891,234000
137,12,7865,111203,971,234000
138,3,1967,27987,1729,234000
139,3,1967,27987,2882,234000
140,3,1967,27987,2399,234000
141,3,1967,27987,966,234000
142,12,7865,111203,3226,234000
143,12,7865,111203,2883,234000
144,3,1967,27987,2880,234000
145,3,1967,27987,2404,234000
146,3,1967,27987,962,234000
147,3,1967,27987,962,234000
148,3,1967,27987,1962,234000
149,3,1967,27987,1729,234000
150,3,1967,27987,1430,234000
151,3,1967,27987,1439,234000
152,3,1967,27987,2896,234000
153,12,7865,111203,1975,234000
154,12,7865,111203,730,235000
155,3,1967,27987,965,235000
156,3,1967,27987,974,235000
157,12,7865,111203,2004,235000
158,12,7865,111203,2003,235000
159,3,1967,27987,437,235000
160,12,7865,111203,963,235000
161,3,1967,27987,727,235000
162,3,1967,27987,972,235000
163,12,7865,111203,2314,235000
164,3,1967,27987,1404,235000
165,3,1967,27987,2470,235000
166,3,1967,27987,964,235000
167,12,7865,111203,1879,235000
168,3,1967,27987,963,235000
169,3,1967,27987,1893,235000
170,1,1280,8932,41732,254999
171,1,1280,8932,41733,254999
172,1,1280,8932,41734,254999
173,1,560,15459,337467,254999
174,1,560,15459,337467,254999
175,1,560,15459,337467,254999
176,1,765,14073,555031,268999
177,1,1280,8932,333547,296000
178,1,1280,8932,333548,296000
179,1,1280,8932,333550,296000
180,1,765,9047,583402,304999
181,1,765,9047,583402,304999
182,1,765,9047,583403,304999
183,1,765,9047,583403,304999
184,1,383,9047,61937,311000
185,1,383,9047,61937,311000
186,1,383,9047,61937,311000
187,1,383,9047,61937,311000
188,4,3059,44229,72181,317000
189,4,3059,44229,72181,317000
190,1,640,4810,89589,329999
191,1,640,4810,109240,368000
192,1,640,4810,116221,383000
193,1,383,9047,377372,417999
194,1,383,9047,377372,417999
195,1,383,9047,453275,422000
196,1,383,9047,453275,422000
197,1,640,4810,110405,436000
198,1,383,9047,284449,437999
199,1,383,9047,284449,437999
200,1,640,4810,116559,449000
201,1,640,4810,113607,462999
202,1,383,9047,151863,474000
203,1,765,9047,340209,523000
204,1,383,9047,69712,557999
205,1,383,9047,69712,557999
206,1,383,9047,66926,558999
207,1,192,4524,326453,561000
208,1,640,4810,88816,569000
209,3,1967,27987,14961,615000
210,3,1967,27987,15747,615000
211,3,1967,27987,12906,615999
212,3,1967,27987,13967,615999
213,12,7865,111203,14743,615999
214,3,1967,27987,12971,616999
215,3,1967,27987,5967,623999
216,6,3933,55739,3908,624999
217,6,3933,55739,3067,624999
218,3,1967,27987,6410,624999
219,3,1967,27987,6404,624999
220,3,1967,27987,4964,624999
221,3,1967,27987,5739,624999
222,3,1967,27987,3445,624999
223,3,1967,27987,6406,624999
224,6,3933,55739,5742,624999
225,3,1967,27987,5741,624999
226,6,3933,55739,5746,624999
227,3,1967,27987,6408,624999
228,6,3933,55739,5749,624999
229,6,3933,55739,4969,624999
230,3,1967,27987,5409,625999
231,3,1967,27987,3961,625999
232,3,1967,27987,4739,625999
233,3,1967,27987,3963,625999
234,3,1967,27987,4745,625999
235,3,1967,27987,2445,625999
236,6,3933,55739,3966,625999
237,3,1967,27987,3968,625999
238,3,1967,27987,4744,625999
239,6,3933,55739,2907,625999
240,6,3933,55739,3965,625999
241,3,1967,27987,2909,625999
242,3,1967,27987,4736,625999
243,3,1967,27987,3959,625999
244,6,3933,55739,2959,627000
245,6,3933,55739,3747,627000
246,6,3933,55739,2968,627000
247,3,1967,27987,3737,627000
248,6,3933,55739,3739,627000
249,3,1967,27987,3736,627000
250,3,1967,27987,4019,627000
251,6,3933,55739,3741,627000
252,3,1967,27987,3734,627000
253,3,1967,27987,4406,627000
254,6,3933,55739,3748,627000
255,1,640,4810,88531,628000
256,1,640,4810,117828,636000
257,1,383,9047,269317,644000
258,1,383,9047,269317,644000
259,1,383,9047,269318,644000
260,1,383,9047,269318,644000
261,1,383,9047,267391,645999
262,1,383,9047,267391,645999
263,1,640,4810,112650,676999
264,1,383,9047,98649,685999
265,1,640,4810,119068,696000
266,1,640,4810,112511,707999
267,1,765,14073,326760,719999
268,1,765,14073,326760,719999
269,1,383,9047,167803,734000
270,1,383,9047,167803,734000
271,1,1280,8932,467538,737999
272,1,383,9047,443896,772999
273,1,383,9047,443896,772999
274,1,383,9047,210189,801000
275,1,383,9047,210189,801000
276,1,765,14073,561567,814000
277,1,640,4810,88154,815000
278,1,383,9047,265541,854999
279,1,383,9047,265541,854999
280,1,383,9047,108870,860999
281,1,640,4810,88336,874000
282,1,47,1408,34291,876999
283,1,47,1408,38820,877999
284,1,640,4810,165997,881000
285,1,383,9047,340272,882999
286,1,640,4810,116550,912000
287,1,560,15459,333214,918000
288,1,560,15459,333214,918000
289,1,560,15459,333214,918000
290,1,383,9047,110953,920999
291,1,383,9047,110953,920999
292,1,640,4810,112563,939000
293,1,640,4810,128432,955000
294,3,1967,27987,50521,972999
295,3,1967,27987,50427,972999
296,3,1967,27987,49935,973999
297,1,383,9047,150287,977000
298,1,383,9047,150287,977000
299,1,383,9047,150246,977000
300,1,383,9047,150246,977000
301,1,47,1408,6376,1000000
302,3,1967,27987,15411,1009999
303,3,1967,27987,14686,1009999
304,3,1967,27987,6194,1017999
305,3,1967,27987,7417,1017999
306,6,3933,55739,5195,1017999
307,3,1967,27987,6197,1017999
308,6,3933,55739,6580,1017999
309,3,1967,27987,6942,1017999
310,6,3933,55739,4920,1017999
311,6,3933,55739,5893,1017999
312,3,1967,27987,5931,1017999
313,3,1967,27987,6692,1017999
314,3,1967,27987,7108,1017999
315,6,3933,55739,7610,1017999
316,3,1967,27987,6998,1017999
317,3,1967,27987,6694,1017999
318,6,3933,55739,6696,1017999
319,6,3933,55739,5431,1017999
320,3,1967,27987,7111,1017999
321,3,1967,27987,7598,1017999
322,3,1967,27987,5586,1018999
323,3,1967,27987,5582,1018999
324,3,1967,27987,5942,1018999
325,3,1967,27987,5583,1018999
326,6,3933,55739,5307,1018999
327,3,1967,27987,5196,1018999
328,6,3933,55739,5207,1018999
329,3,1967,27987,4730,1018999
330,6,3933,55739,3863,1018999
331,3,1967,27987,5937,1018999
332,3,1967,27987,6165,1018999
333,6,3933,55739,5206,1018999
334,3,1967,27987,4520,1018999
335,3,1967,27987,4523,1018999
336,6,3933,55739,3746,1018999
337,6,3933,55739,5693,1018999
338,3,1967,27987,4138,1018999
339,6,3933,55739,4747,1018999
340,6,3933,55739,4938,1018999
341,6,3933,55739,5687,1018999
342,3,1967,27987,6602,1018999
343,3,1967,27987,6616,1018999
344,3,1967,27987,4430,1018999
345,3,1967,27987,4428,1018999
346,3,1967,27987,4603,1018999
347,6,3933,55739,5684,1018999
348,6,3933,55739,5700,1018999
349,6,3933,55739,5697,1018999
350,3,1967,27987,5689,1018999
351,3,1967,27987,5412,1020000
352,3,1967,27987,3064,1020000
353,3,1967,27987,4932,1020000
354,3,1967,27987,4194,1020000
355,12,7865,111203,3521,1020000
356,3,1967,27987,4933,1020000
357,3,1967,27987,4195,1020000
358,3,1967,27987,3732,1020000
359,3,1967,27987,3732,1020000
360,3,1967,27987,3195,1020000
361,3,1967,27987,4938,1020000
362,3,1967,27987,5167,1020000
363,12,7865,111203,4198,1020000
364,12,7865,111203,4306,1020000
365,6,3933,55739,4578,1020000
366,3,1967,27987,4580,1020000
367,3,1967,27987,3892,1020000
368,3,1967,27987,3894,1020000
369,3,1967,27987,4931,1020000
370,3,1967,27987,5165,1020000
371,3,1967,27987,3733,1020000
372,3,1967,27987,3063,1020000
373,6,3933,55739,4695,1020000
374,3,1967,27987,3604,1020000
375,3,1967,27987,5111,1020000
376,6,3933,55739,3430,1020000
377,3,1967,27987,5106,1020000
378,3,1967,27987,4686,1020000
379,3,1967,27987,4996,1020000
380,6,3933,55739,4698,1020000
381,6,3933,55739,3933,1020000
382,3,1967,27987,5605,1020000
383,3,1967,27987,5107,1020000
384,12,7865,111203,2854,1020000
385,3,1967,27987,3936,1021000
386,6,3933,55739,2729,1021000
387,6,3933,55739,3205,1021000
388,12,7865,111203,2895,1021000
389,3,1967,27987,3204,1021000
390,3,1967,27987,3939,1021000
391,3,1967,27987,4413,1021000
392,3,1967,27987,3586,1021000
393,12,7865,111203,3199,1021000
394,3,1967,27987,3308,1021000
395,3,1967,27987,2730,1021000
396,3,1967,27987,3935,1021000
397,3,1967,27987,3583,1021000
398,3,1967,27987,3203,1021000
399,3,1967,27987,4163,1021000
400,3,1967,27987,2731,1021000
401,3,1967,27987,4166,1021000
402,3,1967,27987,4414,1021000
403,12,7865,111203,2895,1021000
404,3,1967,27987,4612,1021000
405,12,7865,111203,3684,1021000
406,3,1967,27987,4614,1021000
407,3,1967,27987,3691,1021000
408,12,7865,111203,2599,1021000
409,3,1967,27987,4605,1021000
410,3,1967,27987,2931,1021000
411,3,1967,27987,4603,1021000
412,3,1967,27987,2934,1021000
413,3,1967,27987,4598,1021000
414,12,7865,111203,3689,1021000
415,3,1967,27987,2600,1021000
416,3,1967,27987,4600,1021000
417,3,1967,27987,2932,1021000
418,3,1967,27987,3045,1021000
419,3,1967,27987,3690,1021000
420,3,1967,27987,4605,1021000
421,3,1967,27987,3046,1021000
422,3,1967,27987,2932,1021000
423,12,7865,111203,863,1022000
424,12,7865,111203,2209,1022000
425,12,7865,111203,2584,1022000
426,12,7865,111203,2306,1022000
427,3,1967,27987,2934,1022000
428,3,1967,27987,3165,1022000
429,3,1967,27987,2197,1022000
430,12,7865,111203,2306,1022000
431,3,1967,27987,861,1022000
432,12,7865,111203,2304,1022000
433,6,3933,55739,2584,1022000
434,3,1967,27987,1196,1022000
435,12,7865,111203,1357,1022000
436,3,1967,27987,2582,1022000
437,3,1967,27987,1523,1022000
438,3,1967,27987,2939,1022000
439,3,1967,27987,2935,1022000
440,3,1967,27987,2937,1022000
441,3,1967,27987,3408,1022000
442,3,1967,27987,2942,1022000
443,3,1967,27987,2999,1022000
444,3,1967,27987,3618,1022000
445,12,7865,111203,1010,1022000
446,3,1967,27987,2997,1022000
447,3,1967,27987,3612,1022000
448,3,1967,27987,3612,1022000
449,3,1967,27987,2694,1022000
450,12,7865,111203,2687,1022000
451,3,1967,27987,3613,1022000
452,12,7865,111203,3606,1022000
453,3,1967,27987,3109,1022000
454,3,1967,27987,3611,1022000
455,3,1967,27987,2697,1022000
456,3,1967,27987,3601,1022000
457,3,1967,27987,3608,1022000
458,3,1967,27987,3607,1022000
459,3,1967,27987,3608,1022000
460,3,1967,27987,3109,1022000
461,12,7865,111203,1139,1022000
462,3,1967,27987,1602,1022000
463,3,1967,27987,3112,1022000
464,3,1967,27987,3000,1022000
465,3,1967,27987,2410,1023000
466,3,1967,27987,1941,1023000
467,3,1967,27987,428,1023000
468,3,1967,27987,2412,1023000
469,3,1967,27987,892,1023000
470,3,1967,27987,2599,1023000
471,3,1967,27987,2002,1023000
472,12,7865,111203,603,1023000
473,3,1967,27987,2114,1023000
474,3,1967,27987,2597,1023000
475,3,1967,27987,429,1023000
476,3,1967,27987,746,1023000
477,12,7865,111203,432,1023000
478,3,1967,27987,2603,1023000
479,6,3933,55739,1045,1023000
480,3,1967,27987,936,1023000
481,3,1967,27987,601,1023000
482,1,383,9047,92585,1035000
483,1,383,9047,92585,1035000
484,1,192,4524,110319,1038000
485,1,192,4524,110319,1038000
486,1,192,4524,110347,1038000
487,1,192,4524,110347,1038000
488,1,192,4524,549513,1038000
489,1,192,4524,549513,1038000
490,1,192,4524,549513,1038000
491,1,192,4524,549513,1038000
492,1,765,14073,71798,1039999
493,1,383,9047,67465,1041999
494,1,383,9047,67465,1041999
495,1,640,4810,87257,1068999
496,1,47,1408,22169,1080000
497,1,47,1408,22170,1080000
498,1,383,9047,344647,1109000
499,1,383,9047,344647,1109000
500,1,640,4810,89456,1121999
501,1,383,9047,183510,1144999
502,1,383,9047,183510,1144999
503,1,640,4810,113108,1151999
504,1,640,4810,106903,1164999
505,1,640,4810,116619,1181999
506,1,47,1408,17034,1195999
507,1,47,1408,17035,1195999
508,1,383,9047,71684,1196999
509,1,383,9047,71684,1196999
510,1,640,4810,117448,1200000
511,1,383,9047,190615,1201999
512,1,383,9047,190615,1201999
513,1,192,4524,320067,1231999
514,1,383,9047,72429,1252000
515,1,383,9047,72429,1252000
516,3,1967,27987,132997,1288000
517,12,7865,111203,157510,1304000
518,1,765,14073,378563,1305999
519,12,7865,111203,150509,1311000
520,1,640,4810,89485,1317000
521,1,383,9047,144844,1352999
522,1,383,9047,144844,1352999
523,1,640,4810,111031,1381999
524,1,640,4810,90011,1381999
525,1,640,4810,123521,1397999
526,1,383,9047,399551,1401000
527,1,383,9047,399551,1401000
528,6,3933,55739,14384,1404999
529,3,1967,27987,15779,1404999
530,3,1967,27987,16091,1404999
531,3,1967,27987,15781,1404999
532,3,1967,27987,15599,1404999
533,12,7865,111203,8596,1404999
534,12,7865,111203,12926,1406000
535,3,1967,27987,12928,1406000
536,3,1967,27987,15544,1406000
537,3,1967,27987,15653,1406000
538,1,640,4810,148971,1410999
539,3,1967,27987,7653,1414000
540,6,3933,55739,7091,1414000
541,3,1967,27987,6952,1414000
542,6,3933,55739,7532,1414000
543,3,1967,27987,7656,1414000
544,6,3933,55739,6595,1414000
545,6,3933,55739,7533,1414000
546,3,1967,27987,5320,1414000
547,3,1967,27987,7534,1414000
548,3,1967,27987,4884,1415000
549,6,3933,55739,4078,1415000
550,6,3933,55739,5952,1415000
551,6,3933,55739,6536,1415000
552,3,1967,27987,4594,1416000
553,6,3933,55739,5092,1416000
554,6,3933,55739,2925,1416000
555,3,1967,27987,4600,1416000
556,6,3933,55739,5525,1416000
557,3,1967,27987,4593,1416000
558,3,1967,27987,5527,1416000
559,3,1967,27987,5532,1416000
560,6,3933,55739,2928,1416000
561,3,1967,27987,4780,1416000
562,3,1967,27987,3319,1416000
563,3,1967,27987,4596,1416000
564,3,1967,27987,5539,1416000
565,12,7865,111203,4600,1416000
566,12,7865,111203,2927,1416000
567,3,1967,27987,4955,1416000
568,3,1967,27987,5657,1416000
569,3,1967,27987,5531,1416000
570,3,1967,27987,5535,1416000
571,3,1967,27987,1929,1416999
572,6,3933,55739,4095,1416999
573,3,1967,27987,2886,1416999
574,3,1967,27987,4655,1416999
575,3,1967,27987,3074,1416999
576,12,7865,111203,4529,1416999
577,3,1967,27987,2771,1416999
578,12,7865,111203,2321,1416999
579,3,1967,27987,4538,1416999
580,3,1967,27987,2385,1416999
581,3,1967,27987,4530,1416999
582,3,1967,27987,4526,1416999
583,12,7865,111203,3957,1416999
584,3,1967,27987,2611,1416999
585,3,1967,27987,3070,1416999
586,3,1967,27987,3781,1416999
587,3,1967,27987,2770,1416999
588,3,1967,27987,4541,1416999
589,3,1967,27987,3593,1416999
590,3,1967,27987,4094,1416999
591,3,1967,27987,2073,1417999
592,3,1967,27987,2072,1417999
593,3,1967,27987,3546,1417999
594,3,1967,27987,2598,1417999
595,12,7865,111203,2955,1417999
596,3,1967,27987,2953,1417999
597,3,1967,27987,2192,1417999
598,6,3933,55739,3093,1417999
599,3,1967,27987,2194,1417999
600,12,7865,111203,2193,1417999
601,3,1967,27987,2778,1417999
602,3,1967,27987,2592,1417999
603,3,1967,27987,2600,1417999
604,3,1967,27987,3544,1417999
605,3,1967,27987,2597,1417999
606,3,1967,27987,2952,1417999
607,3,1967,27987,3656,1417999
608,3,1967,27987,2779,1417999
609,1,383,9047,67906,1430000
610,1,383,9047,67906,1430000
611,2,1120,30918,64019,1439999
612,2,1120,30918,64019,1439999
613,2,1120,30918,64019,1439999
614,2,1120,30918,177060,1439999
615,2,1120,30918,177060,1439999
616,2,1120,30918,177060,1439999
617,1,640,4810,106211,1498000
618,1,383,9047,120018,1545999
619,1,383,9047,120018,1545999
620,1,640,4810,90947,1550000
621,1,383,9047,87790,1579999
622,1,383,9047,87790,1579999
623,2,1120,30918,77630,1590999
624,2,1120,30918,77630,1590999
625,2,1120,30918,77630,1590999
626,1,120,3092,70833,1608000
627,1,47,1408,54214,1608000
628,1,640,4810,85034,1641999
629,1,383,9047,83408,1642999
630,1,383,9047,83408,1642999
631,1,383,9047,256076,1681000
632,1,383,9047,256076,1681000
633,1,383,9047,86884,1681000
634,1,383,9047,86884,1681000
635,1,640,4810,118683,1683999
636,1,47,1408,49669,1689000
637,1,47,1408,54488,1689000
638,1,640,4810,111277,1691999
639,1,640,4810,111121,1699999
640,1,640,4810,132273,1704000
641,3,1967,27987,97816,1719000
642,3,1967,27987,118778,1737999
643,2,1120,30918,157015,1743000
644,2,1120,30918,157015,1743000
645,2,1120,30918,157015,1743000
646,1,120,3092,7000,1751999
647,1,383,9047,85138,1753999
648,1,383,9047,85138,1753999
649,2,1120,30918,260978,1758999
650,2,1120,30918,260978,1758999
651,2,1120,30918,260978,1758999
652,1,383,9047,82308,1795999
653,1,383,9047,82308,1795999
654,1,640,4810,84380,1797999
655,12,7865,111203,15406,1801000
656,6,3933,55739,6089,1809999
657,3,1967,27987,7410,1809999
658,6,3933,55739,6104,1809999
659,3,1967,27987,7410,1809999
660,6,3933,55739,6403,1809999
661,6,3933,55739,5710,1809999
662,3,1967,27987,6672,1809999
663,3,1967,27987,6409,1809999
664,6,3933,55739,3399,1810999
665,3,1967,27987,6228,1810999
666,6,3933,55739,5409,1810999
667,3,1967,27987,5090,1810999
668,6,3933,55739,6055,1810999
669,6,3933,55739,5409,1810999
670,6,3933,55739,3400,1810999
671,1,383,9047,101346,1811999
672,3,1967,27987,4087,1811999
673,3,1967,27987,3318,1811999
674,6,3933,55739,2724,1811999
675,6,3933,55739,4968,1811999
676,6,3933,55739,5397,1811999
677,3,1967,27987,5226,1811999
678,3,1967,27987,4405,1811999
679,3,1967,27987,3316,1811999
680,3,1967,27987,3315,1811999
681,3,1967,27987,4398,1811999
682,3,1967,27987,3717,1811999
683,12,7865,111203,3318,1811999
684,6,3933,55739,4406,1811999
685,3,1967,27987,5220,1811999
686,3,1967,27987,4088,1811999
687,3,1967,27987,3314,1811999
688,3,1967,27987,4974,1811999
689,6,3933,55739,3711,1811999
690,6,3933,55739,4976,1811999
691,6,3933,55739,3708,1811999
692,3,1967,27987,4096,1811999
693,6,3933,55739,3311,1811999
694,3,1967,27987,4186,1812999
695,6,3933,55739,3973,1812999
696,3,1967,27987,3402,1812999
697,3,1967,27987,2708,1812999
698,6,3933,55739,3408,1812999
699,3,1967,27987,2320,1812999
700,3,1967,27987,3103,1812999
701,6,3933,55739,3975,1812999
702,3,1967,27987,3970,1812999
703,3,1967,27987,3101,1812999
704,3,1967,27987,3098,1812999
705,3,1967,27987,4217,1812999
706,3,1967,27987,4227,1812999
707,3,1967,27987,3100,1812999
708,3,1967,27987,3101,1812999
709,3,1967,27987,4399,1812999
710,3,1967,27987,3102,1812999
711,12,7865,111203,3972,1812999
712,12,7865,111203,3974,1812999
713,4,6117,44229,473944,1814000
714,6,3933,55739,2969,1814000
715,3,1967,27987,3399,1814000
716,3,1967,27987,3224,1814000
717,3,1967,27987,3055,1814000
718,3,1967,27987,3215,1814000
719,3,1967,27987,2399,1814000
720,6,3933,55739,1310,1814000
721,12,7865,111203,2410,1814000
722,3,1967,27987,3407,1814000
723,3,1967,27987,3406,1814000
724,3,1967,27987,1706,1814000
725,3,1967,27987,1215,1815000
726,3,1967,27987,708,1815000
727,3,1967,27987,1096,1815000
728,3,1967,27987,2228,1815000
729,3,1967,27987,2227,1815000
730,3,1967,27987,3160,1815000
731,3,1967,27987,2408,1815000
732,3,1967,27987,2593,1815000
733,3,1967,27987,2594,1815000
734,3,1967,27987,2596,1815000
735,3,1967,27987,2596,1815000
736,12,7865,111203,1975,1815000
737,3,1967,27987,1671,1815000
738,3,1967,27987,2707,1815000
739,3,1967,27987,1085,1815000
740,12,7865,111203,98,1816000
741,3,1967,27987,1055,1816000
742,3,1967,27987,1215,1816000
743,3,1967,27987,673,1816000
744,3,1967,27987,401,1816000
745,3,1967,27987,968,1816000
746,3,1967,27987,1218,1816000
747,3,1967,27987,1186,1816000
748,3,1967,27987,1217,1816000
749,3,1967,27987,1405,1816000
750,12,7865,111203,970,1816000
751,1,120,3092,79243,1825999
752,1,47,1408,43795,1825999
753,1,120,3092,6906,1826999
754,1,47,1408,21936,1842999
755,1,47,1408,21937,1842999
756,1,383,9047,57890,1871999
757,1,383,9047,57890,1871999
758,1,383,9047,159942,1871999
759,1,383,9047,159942,1871999
760,1,640,4810,88104,1889000
761,1,192,4524,295396,1890000
762,1,47,1408,17134,1908999
763,1,47,1408,17135,1908999
764,1,640,4810,113965,1916999
765,1,47,1408,16396,1940000
766,1,47,1408,16397,1940000
767,1,383,9047,97558,1943000
768,1,383,9047,97558,1943000
769,1,640,4810,112599,1948000
770,1,640,4810,108284,1949000
771,1,640,4810,111164,1967999
772,1,120,3092,6828,1978000
773,1,47,1408,16859,2001000
774,1,47,1408,16861,2001000
775,1,383,9047,335343,2032000
776,1,640,4810,88685,2049999
777,1,47,1408,16714,2059000
778,1,47,1408,16715,2059000
779,1,192,4524,480611,2083000
780,12,7865,111203,113483,2097000
781,2,1120,30918,430311,2122999
782,2,1120,30918,430311,2122999
783,2,1120,30918,430311,2122999
784,1,640,4810,87271,2129999
785,1,640,4810,111840,2158999
786,1,47,1408,26600,2174999
787,1,47,1408,26601,2174999
788,1,640,4810,112545,2188999
789,1,640,4810,116574,2195999
790,3,1967,27987,15333,2197999
791,3,1967,27987,13385,2197999
792,3,1967,27987,8426,2204999
793,3,1967,27987,6733,2204999
794,3,1967,27987,6075,2204999
795,3,1967,27987,7016,2204999
796,3,1967,27987,7278,2204999
797,6,3933,55739,6830,2205999
798,3,1967,27987,7425,2205999
799,6,3933,55739,6832,2205999
800,3,1967,27987,7426,2205999
801,3,1967,27987,6446,2205999
802,12,7865,111203,6448,2205999
803,3,1967,27987,6833,2205999
804,3,1967,27987,5550,2205999
805,3,1967,27987,6829,2205999
806,12,7865,111203,6831,2205999
807,6,3933,55739,6550,2205999
808,6,3933,55739,6279,2205999
809,3,1967,27987,6283,2205999
810,3,1967,27987,5249,2205999
811,6,3933,55739,4603,2205999
812,3,1967,27987,6482,2205999
813,3,1967,27987,6281,2205999
814,3,1967,27987,6279,2205999
815,12,7865,111203,5251,2205999
816,3,1967,27987,7573,2205999
817,3,1967,27987,5832,2207000
818,6,3933,55739,5447,2207000
819,6,3933,55739,5830,2207000
820,3,1967,27987,4547,2207000
821,3,1967,27987,6044,2207000
822,3,1967,27987,6045,2207000
823,3,1967,27987,6201,2207000
824,12,7865,111203,3201,2207000
825,6,3933,55739,5445,2207000
826,3,1967,27987,4733,2207000
827,3,1967,27987,4933,2207000
828,3,1967,27987,5615,2207000
829,12,7865,111203,4927,2207000
830,3,1967,27987,4573,2207000
831,3,1967,27987,6662,2207000
832,12,7865,111203,5283,2207000
833,3,1967,27987,4103,2207000
834,12,7865,111203,3602,2207000
835,12,7865,111203,4102,2207000
836,12,7865,111203,4249,2207000
837,12,7865,111203,5551,2207000
838,3,1967,27987,4727,2207000
839,3,1967,27987,4460,2207000
840,3,1967,27987,6120,2207000
841,3,1967,27987,4248,2207000
842,3,1967,27987,6491,2207000
843,3,1967,27987,6326,2207000
844,3,1967,27987,5865,2207000
845,6,3933,55739,4575,2207000
846,3,1967,27987,6121,2207000
847,3,1967,27987,6573,2207000
848,3,1967,27987,5015,2207000
849,3,1967,27987,3636,2208000
850,3,1967,27987,4074,2208000
851,3,1967,27987,5871,2208000
852,6,3933,55739,4152,2208000
853,12,7865,111203,4449,2208000
854,3,1967,27987,5201,2208000
855,3,1967,27987,4448,2208000
856,3,1967,27987,5426,2208000
857,3,1967,27987,5761,2208000
858,3,1967,27987,4449,2208000
859,12,7865,111203,3549,2208000
860,3,1967,27987,4281,2208000
861,3,1967,27987,3574,2208000
862,12,7865,111203,2320,2208000
863,3,1967,27987,5397,2208000
864,12,7865,111203,4481,2208000
865,3,1967,27987,5332,2208000
866,3,1967,27987,5740,2208000
867,3,1967,27987,3304,2208000
868,12,7865,111203,4713,2208000
869,3,1967,27987,4712,2208000
870,6,3933,55739,2882,2208000
871,6,3933,55739,4787,2208000
872,3,1967,27987,4548,2208000
873,3,1967,27987,5331,2208000
874,3,1967,27987,3282,2209000
875,3,1967,27987,4834,2209000
876,3,1967,27987,4120,2209000
877,3,1967,27987,3480,2209000
878,3,1967,27987,3550,2209000
879,3,1967,27987,3017,2209000
880,3,1967,27987,3280,2209000
881,6,3933,55739,2827,2210000
882,3,1967,27987,1728,2210000
883,1,640,4810,113556,2210999
884,1,383,9047,54377,2247000
885,1,383,9047,54377,2247000
886,1,383,9047,269210,2268000
887,1,383,9047,269210,2268000
888,1,383,9047,94373,2272999
889,1,560,15459,354110,2276000
890,1,560,15459,354110,2276000
891,1,560,15459,354110,2276000
892,1,640,4810,87164,2287999
893,1,383,9047,69862,2309999
894,1,383,9047,69862,2309999
895,1,383,9047,75873,2335000
896,1,383,9047,75873,2335000
897,1,383,9047,75874,2335000
898,1,383,9047,75874,2335000
899,1,640,4810,84124,2373000
900,1,640,4810,107042,2409000
901,1,640,4810,116711,2435999
902,1,640,4810,113303,2438000
903,1,640,4810,107024,2455999
904,1,383,9047,147617,2461000
905,1,192,4524,81995,2542000
906,1,192,4524,81995,2542000
907,1,640,4810,83828,2545999
908,6,3933,55739,15016,2590999
909,3,1967,27987,15016,2590999
910,3,1967,27987,13928,2590999
911,3,1967,27987,14470,2590999
912,3,1967,27987,13812,2591999
913,3,1967,27987,13262,2591999
914,3,1967,27987,12721,2591999
915,3,1967,27987,14661,2591999
916,3,1967,27987,15206,2591999
917,3,1967,27987,15476,2591999
918,12,7865,111203,13584,2591999
919,12,7865,111203,11646,2593000
920,3,1967,27987,12470,2593000
921,2,1530,24125,114721,2596000
922,2,1530,24125,114721,2596000
923,6,3933,55739,5379,2601000
924,3,1967,27987,5380,2601000
925,3,1967,27987,5016,2601000
926,3,1967,27987,4891,2601000
927,6,3933,55739,5372,2601000
928,3,1967,27987,3232,2601000
929,6,3933,55739,3647,2601000
930,6,3933,55739,4812,2601000
931,3,1967,27987,4260,2601000
932,6,3933,55739,4470,2601000
933,3,1967,27987,4472,2601000
934,6,3933,55739,4585,2601000
935,3,1967,27987,5454,2601000
936,3,1967,27987,3264,2602000
937,6,3933,55739,3813,2602000
938,3,1967,27987,4572,2602000
939,3,1967,27987,3811,2602000
940,6,3933,55739,4014,2602000
941,3,1967,27987,4378,2602000
942,3,1967,27987,4373,2602000
943,3,1967,27987,2928,2602000
944,3,1967,27987,3260,2602000
945,3,1967,27987,3263,2602000
946,3,1967,27987,5267,2602000
947,3,1967,27987,3262,2602000
948,6,3933,55739,2646,2602000
949,3,1967,27987,3584,2602000
950,3,1967,27987,5041,2602000
951,1,383,9047,137715,2603000
952,1,383,9047,137715,2603000
953,3,1967,27987,3660,2603000
954,3,1967,27987,2263,2603000
955,3,1967,27987,4043,2603000
956,3,1967,27987,4477,2603000
957,3,1967,27987,2468,2603000
958,3,1967,27987,4478,2603000
959,3,1967,27987,3736,2603000
960,12,7865,111203,3573,2603000
961,3,1967,27987,2814,2603000
962,3,1967,27987,2467,2603000
963,3,1967,27987,3574,2603000
964,12,7865,111203,2472,2603000
965,3,1967,27987,3378,2603000
966,3,1967,27987,4041,2603000
967,3,1967,27987,4042,2603000
968,3,1967,27987,2474,2603000
969,12,7865,111203,3376,2603000
970,12,7865,111203,2815,2603000
971,3,1967,27987,2813,2603000
972,12,7865,111203,3380,2603000
973,3,1967,27987,3371,2603000
974,12,7865,111203,2576,2603999
975,3,1967,27987,3207,2603999
976,3,1967,27987,2377,2603999
977,3,1967,27987,2375,2603999
978,12,7865,111203,2377,2603999
979,3,1967,27987,3476,2603999
980,1,640,4810,93975,2630000
981,1,383,9047,70737,2633000
982,1,383,9047,70737,2633000
983,1,383,9047,70737,2633000
984,1,383,9047,70737,2633000
985,1,640,4810,134167,2640999
986,1,640,4810,117532,2684000
987,1,640,4810,111922,2684000
988,1,383,9047,267561,2690000
989,1,640,4810,117384,2702999
990,2,1120,30918,162004,2722999
991,2,1120,30918,162004,2722999
992,2,1120,30918,162004,2722999
993,1,383,9047,446514,2736000
994,1,383,9047,446514,2736000
995,1,640,4810,82369,2779000
996,1,383,9047,126384,2812999
997,1,383,9047,126384,2812999
998,1,640,4810,305954,2838000
999,1,640,4810,94470,2872999
1000,6,3933,55739,599268,2884000
1001,1,640,4810,110886,2901999
1002,18,23040,180696,574827,2908999
1003,1,383,9047,316265,2924999
1004,2,1530,24125,481106,2924999
1005,2,1530,24125,481106,2924999
1006,1,640,4810,116682,2929000
1007,1,640,4810,108167,2930999
1008,1,640,4810,111915,2939999
1009,1,560,15459,331564,2943000
1010,1,560,15459,331564,2943000
1011,1,560,15459,331564,2943000
1012,1,383,9047,215722,2967999
1013,1,383,9047,215722,2967999
1014,12,7865,111203,18746,3012999
1015,3,1967,27987,18676,3012999
1016,1,640,4810,88550,3019999
1017,1,383,9047,305377,3036999
1018,2,1120,30918,126561,3062000
1019,2,1120,30918,126561,3062000
1020,2,1120,30918,126561,3062000
1021,6,3933,55739,415734,3068000
1022,6,3933,55739,414269,3069000
1023,1,383,9047,77826,3077000
1024,1,383,9047,77826,3077000
1025,6,3933,55739,401735,3081999
1026,6,3933,55739,399736,3084000
1027,2,1120,30918,531119,3093999
1028,2,1120,30918,531119,3093999
1029,2,1120,30918,531119,3093999
1030,2,1120,30918,332031,3093999
1031,2,1120,30918,332031,3093999
1032,2,1120,30918,332031,3093999
1033,1,640,4810,83855,3114000
1034,2,6991,24125,214942,3129000
1035,2,6991,24125,214942,3129000
1036,1,383,9047,87355,3139999
1037,1,640,4810,112729,3144000
1038,1,765,14073,138562,3169999
1039,1,640,4810,112472,3173000
1040,1,640,4810,109689,3194000
1041,1,640,4810,108351,3196000
1042,1,192,4524,384034,3225000
1043,1,383,9047,198921,3256999
1044,1,383,9047,198921,3256999
1045,1,192,4524,161762,3257999
1046,1,192,4524,161762,3257999
1047,1,640,4810,82602,3328000
1048,1,47,1408,36746,3351000
1049,1,640,4810,83223,3358000
1050,1,640,4810,110856,3381000
1051,1,47,1408,45463,3382999
1052,1,47,1408,50556,3382999
1053,1,47,1408,55664,3382999
1054,2,1120,30918,520727,3396000
1055,2,1120,30918,520727,3396000
1056,2,1120,30918,520727,3396000
1057,2,1120,30918,520727,3396000
1058,2,1120,30918,520727,3396000
1059,2,1120,30918,520727,3396000
1060,1,640,4810,111778,3419000
1061,1,765,14073,125795,3419999
1062,1,765,14073,125795,3419999
1063,1,47,1408,63474,3426000
1064,1,47,1408,63475,3426000
1065,1,47,1408,68583,3426000
1066,1,47,1408,68583,3426000
1067,1,47,1408,98363,3426000
1068,1,47,1408,98363,3426000
1069,1,640,4810,107731,3428999
1070,1,640,4810,109040,3440000
1071,1,47,1408,36362,3487999
1072,1,47,1408,36363,3487999
1073,2,1530,24125,136129,3492000
1074,2,1530,24125,136129,3492000
1075,1,383,9047,302162,3502999
1076,1,383,9047,302162,3502999
1077,1,383,9047,76496,3502999
1078,1,383,9047,76496,3502999
1079,1,640,4810,83802,3520000
1080,1,192,4524,68604,3575000
1081,1,192,4524,68604,3575000
1082,1,560,15459,310805,3576999
1083,1,560,15459,310805,3576999
1084,1,560,15459,310805,3576999
1085,1,47,1408,33505,3614999
1086,1,640,4810,82497,3631000
1087,1,640,4810,111401,3632000
1088,4,3059,44229,492615,3636999
1089,4,3059,44229,492615,3636999
1090,4,3059,44229,492715,3636999
1091,4,3059,44229,492715,3636999
1092,1,47,1408,63047,3648000
1093,1,640,4810,113336,3651999
1094,1,640,4810,107678,3662000
1095,1,640,4810,113367,3689999
1096,3,1967,27987,125824,3689999
1097,1,765,14073,156067,3691000
1098,1,765,14073,156067,3691000
1099,2,1530,24125,52305,3702999
1100,2,1530,24125,52305,3702999
1101,2,1530,24125,98357,3707000
1102,2,1530,24125,98357,3707000
1103,2,1530,24125,98359,3707000
1104,2,1530,24125,98359,3707000
1105,3,1967,27987,119187,3713000
1106,1,383,9047,235154,3731999
1107,1,383,9047,235154,3731999
1108,1,1280,8932,165729,3750000
1109,1,1280,8932,165733,3750000
1110,1,1280,8932,165730,3750000
1111,1,1280,8932,165731,3750000
1112,1,640,4810,84688,3762999
1113,1,383,9047,82294,3769999
1114,1,383,9047,81095,3770999
1115,1,383,9047,81095,3770999
1116,1,47,1408,40536,3824000
1117,1,640,4810,89802,3869000
1118,1,640,4810,111541,3878000
1119,1,192,4524,326128,3888999
1120,1,640,4810,136201,3910999
1121,1,640,4810,110594,3910999
1122,1,765,14073,74629,3916999
1123,1,765,14073,124995,3919999
1124,1,765,14073,124995,3919999
1125,1,640,4810,111585,3930000
1126,1,120,3092,75282,3931000
1127,1,120,3092,80235,3931999
1128,1,383,9047,198485,3960000
1129,1,47,1408,70816,3976999
1130,1,383,9047,129094,3996000
1131,1,383,9047,129094,3996000
1132,1,640,4810,95337,4006999
1133,12,7865,111203,127949,4057999
1134,1,383,9047,568056,4077000
1135,1,383,9047,568056,4077000
1136,1,383,9047,568057,4077000
1137,1,383,9047,568057,4077000
1138,1,120,3092,6885,4095999
1139,1,640,4810,81999,4116999
1140,1,640,4810,111682,4121000
1141,1,383,9047,460941,4123000
1142,1,120,3092,74394,4125999
1143,1,120,3092,79613,4125999
1144,1,640,4810,113024,4152000
1145,1,640,4810,112915,4162999
1146,1,640,4810,106773,4166000
1147,1,47,1408,21824,4177999
1148,1,47,1408,21825,4177999
1149,1,383,9047,152938,4240000
1150,1,640,4810,83283,4257999
1151,1,47,1408,26785,4274999
1152,1,47,1408,26786,4274999
1153,1,120,3092,6668,4284000
1154,1,765,14073,117395,4317000
1155,1,640,4810,103149,4348999
1156,2,3059,24125,432934,4351000
1157,1,383,9047,60752,4353000
1158,1,383,9047,60752,4353000
1159,1,640,4810,108012,4364999
1160,1,47,1408,16575,4364999
1161,1,47,1408,16576,4364999
1162,1,383,9047,484989,4388000
1163,1,640,4810,108488,4395000
1164,1,640,4810,112379,4396000
1165,1,640,4810,107885,4422999
1166,1,47,1408,16582,4456000
1167,1,47,1408,16583,4456000
1168,1,640,4810,88731,4508000
1169,1,383,9047,145512,4516000
1170,1,383,9047,284198,4523000
1171,1,383,9047,284198,4523000
1172,16,8960,151152,590896,4546000
1173,16,8960,151152,590896,4546000
1174,16,8960,151152,590896,4546000
1175,16,8960,151152,590966,4546000
1176,16,8960,151152,590966,4546000
1177,16,8960,151152,590966,4546000
1178,1,192,4524,321983,4553000
1179,1,383,9047,153108,4589000
1180,1,383,9047,153108,4589000
1181,1,383,9047,55605,4589000
1182,1,383,9047,55605,4589000
1183,1,383,9047,55606,4589000
1184,1,383,9047,55606,4589000
1185,12,7865,111203,17400,4593999
1186,12,7865,111203,4304,4606999
1187,12,7865,111203,3315,4607999
1188,1,765,14073,109210,4637999
1189,1,640,4810,138820,4644999
1190,1,640,4810,86344,4649000
1191,1,383,9047,144559,4655000
1192,1,383,9047,144559,4655000
1193,1,640,4810,113027,4664000
1194,1,640,4810,111948,4665999
1195,1,640,4810,108225,4678000
1196,1,383,9047,276513,4738000
1197,1,383,9047,276513,4738000
1198,1,640,4810,89910,4752000
1199,2,6991,24125,471374,4764999
1200,2,6991,24125,471374,4764999
1201,1,383,9047,90805,4858999
1202,1,383,9047,90805,4858999
1203,1,640,4810,83681,4888999
1204,1,640,4810,113274,4898999
1205,1,560,15459,316935,4905999
1206,1,560,15459,316935,4905999
1207,1,560,15459,316935,4905999
1208,1,640,4810,113082,4919999
1209,1,640,4810,132392,4922000
1210,1,640,4810,113692,4937000
1211,6,3933,55739,24570,5007999
1212,6,3933,55739,23540,5008999
1213,6,3933,55739,23570,5008999
1214,6,3933,55739,23457,5008999
1215,6,3933,55739,23229,5008999
1216,6,3933,55739,23379,5008999
1217,6,3933,55739,23231,5008999
1218,6,3933,55739,23232,5008999
1219,6,3933,55739,23230,5008999
1220,6,3933,55739,23571,5008999
1221,6,3933,55739,23381,5008999
1222,6,3933,55739,20496,5012000
1223,6,3933,55739,20337,5012000
1224,6,3933,55739,20496,5012000
1225,6,3933,55739,20496,5012000
1226,6,3933,55739,13335,5019000
1227,1,120,3092,68799,5043999
1228,1,47,1408,49000,5043999
1229,2,1120,30918,241655,5118000
1230,2,1120,30918,241655,5118000
1231,2,1120,30918,241655,5118000
1232,1,640,4810,109453,5143999
1233,1,640,4810,111867,5150999
1234,1,383,9047,154899,5159000
1235,1,383,9047,154899,5159000
1236,1,640,4810,113044,5162000
1237,1,640,4810,111668,5162999
1238,1,640,4810,105724,5185999
1239,1,120,3092,6638,5195999
1240,1,47,1408,21346,5276999
1241,1,47,1408,21347,5276999
1242,1,383,9047,73022,5333000
1243,1,383,9047,73022,5333000
1244,1,47,1408,26975,5382000
1245,1,47,1408,26977,5382000
1246,1,640,4810,82089,5383000
1247,1,640,4810,106806,5385999
1248,1,383,9047,527161,5400000
1249,1,640,4810,108037,5412000
1250,1,640,4810,117021,5415999
1251,3,1967,27987,460736,5419000
1252,1,383,9047,242695,5420000
1253,1,383,9047,242695,5420000
1254,1,640,4810,107911,5422000
1255,3,1967,27987,452744,5427000
1256,3,1967,27987,446660,5432999
1257,3,1967,27987,445743,5434000
1258,1,383,9047,85177,5516000
1259,1,383,9047,85177,5516000
1260,1,560,15459,385543,5565999
1261,1,560,15459,385543,5565999
1262,1,560,15459,385543,5565999
1263,1,640,4810,111320,5639999
1264,1,640,4810,117953,5653999
1265,1,640,4810,106313,5665000
1266,1,1748,9047,488980,5672000
1267,1,1748,9047,488980,5672000
1268,1,765,14073,506037,5676999
1269,1,383,9047,287366,5681000
1270,1,383,9047,287366,5681000
1271,1,765,14073,586056,5682999
1272,1,640,4810,107598,5691999
1273,1,640,4810,111258,5892999
1274,1,192,4524,310203,5897999
1275,1,640,4810,108510,5907999
1276,1,640,4810,109572,5907999
1277,1,1280,8932,346927,5926000
1278,1,640,4810,108472,5941999
1279,2,6991,24125,478093,5987999
1280,2,6991,24125,478093,5987999
1281,2,6991,24125,478595,5988999
1282,2,6991,24125,478595,5988999
1283,1,640,4810,107710,6132000
1284,1,640,4810,105894,6154000
1285,1,640,4810,108002,6155000
1286,1,120,3092,100045,6215000
1287,1,120,3092,110356,6215000
1288,1,560,15459,314831,6260999
1289,1,560,15459,314831,6260999
1290,1,560,15459,314831,6260999
1291,1,120,3092,74042,6288000
1292,1,47,1408,43632,6288000
1293,8,8960,82447,481082,6350999
1294,8,8960,82447,481082,6350999
1295,8,8960,82447,481082,6350999
1296,1,640,4810,116444,6373999
1297,1,47,1408,49360,6373999
1298,1,120,3092,68958,6374999
1299,1,640,4810,111605,6399000
1300,1,640,4810,120338,6403999
1301,1,120,3092,6835,6414000
1302,1,47,1408,6639,6435000
1303,1,47,1408,32114,6496000
1304,1,47,1408,32115,6496000
1305,1,47,1408,21451,6515999
1306,1,47,1408,21453,6515999
1307,1,383,9047,176604,6521999
1308,1,383,9047,176604,6521999
1309,1,383,9047,176677,6521999
1310,1,383,9047,176677,6521999
1311,1,120,3092,6560,6532000
1312,1,192,4524,311949,6542999
1313,24,27526,243278,236807,6577000
1314,24,27526,243278,236839,6577000
1315,24,27526,243278,120078,6577000
1316,1,765,14073,539026,6586000
1317,1,640,4810,112444,6613000
1318,1,47,1408,26516,6613000
1319,1,47,1408,26517,6613000
1320,1,47,1408,26344,6622000
1321,1,47,1408,26345,6622000
1322,1,47,1408,27188,6623000
1323,1,47,1408,27189,6623000
1324,1,192,4524,149100,6632999
1325,1,192,4524,149100,6632999
1326,1,640,4810,113005,6647999
1327,1,640,4810,107068,6654999
1328,24,27526,243278,118166,6696000
1329,1,47,1408,26525,6713999
1330,1,47,1408,26525,6713999
1331,1,383,9047,90150,6831000
1332,1,383,9047,78942,6865000
1333,1,383,9047,78942,6865000
1334,1,640,4810,112506,6886999
1335,1,640,4810,113483,6897000
1336,1,640,4810,110669,6915999
1337,1,640,4810,38117,7052000
1338,3,1967,27987,29224,7061000
1339,3,1967,27987,26221,7063999
1340,3,1967,27987,25226,7064999
1341,3,1967,27987,20223,7069999
1342,3,1967,27987,18227,7071999
1343,3,1967,27987,16119,7074000
1344,3,1967,27987,14222,7076000
1345,3,1967,27987,12221,7077999
1346,3,1967,27987,8225,7082000
1347,3,1967,27987,7228,7083000
1348,3,1967,27987,3223,7086999
1349,3,1967,27987,2218,7088000
1350,1,383,9047,170892,7104000
1351,1,640,4810,108553,7118000
1352,1,640,4810,111725,7156000
1353,1,640,4810,116348,7164000
1354,1,383,9047,74893,7200000
1355,1,640,4810,78909,7204999
1356,1,192,4524,326378,7207000
1357,1,383,9047,56588,7216000
1358,12,7865,111203,127689,7220999
1359,12,7865,111203,135580,7233999
1360,6,3933,55739,163977,7238000
1361,6,3933,55739,150406,7239000
1362,12,7865,111203,146409,7242999
1363,12,7865,111203,145340,7242999
1364,12,7865,111203,142407,7246999
1365,2,1120,30918,175813,7255999
1366,2,1120,30918,175813,7255999
1367,2,1120,30918,175813,7255999
1368,2,1120,30918,74377,7255999
1369,2,1120,30918,74377,7255999
1370,2,1120,30918,74377,7255999
1371,3,1967,27987,164379,7264999
1372,2,1120,30918,68775,7319000
1373,2,1120,30918,68775,7319000
1374,2,1120,30918,68775,7319000
1375,1,47,1408,44691,7359999
1376,1,383,9047,84157,7373999
1377,1,47,1408,50484,7400000
1378,1,47,1408,55593,7400000
1379,1,47,1408,60702,7400000
1380,1,640,4810,106720,7404999
1381,1,640,4810,113842,7410000
1382,1,640,4810,82318,7412999
1383,1,640,4810,361134,7412999
1384,2,3496,24125,560008,7414000
1385,2,3496,24125,560009,7414000
1386,2,3496,24125,560010,7414000
1387,1,47,1408,54357,7447000
1388,1,47,1408,54357,7447000
1389,1,47,1408,59465,7447000
1390,1,47,1408,59465,7447000
1391,1,47,1408,98901,7447000
1392,1,47,1408,98902,7447000
1393,1,383,9047,68745,7468000
1394,1,120,3092,79103,7469000
1395,1,47,1408,64159,7469000
1396,1,47,1408,45900,7499999
1397,1,47,1408,45901,7499999
1398,1,383,9047,599519,7556000
1399,1,383,9047,599519,7556000
1400,1,560,15459,315503,7559999
1401,1,560,15459,315503,7559999
1402,1,560,15459,315503,7559999
1403,1,120,3092,6518,7637000
1404,1,640,4810,112353,7644000
1405,3,1967,27987,103438,7646000
1406,3,1967,27987,102450,7647000
1407,6,3933,55739,97451,7652000
1408,1,640,4810,113524,7654999
1409,1,47,1408,46306,7655999
1410,3,1967,27987,113287,7669000
1411,1,47,1408,55521,7701999
1412,1,47,1408,16865,7722999
1413,1,47,1408,16866,7722999
1414,1,383,9047,151586,7770000
1415,1,47,1408,17030,7813999
1416,1,47,1408,17032,7813999
1417,1,1280,8932,258134,7854000
1418,1,383,9047,192238,7885999
1419,1,640,4810,109785,7892999
1420,1,640,4810,108972,7893999
1421,1,47,1408,30477,7894999
1422,1,383,9047,128147,7899999
1423,1,1748,9047,433834,7935000
1424,1,1748,9047,433834,7935000
1425,1,383,9047,75148,7952999
1426,1,383,9047,75149,7952999
1427,2,6991,24125,190813,7954999
1428,2,6991,24125,190813,7954999
1429,1,640,4810,57503,7968999
1430,1,640,4810,57504,7968999
1431,1,640,4810,57505,7968999
1432,1,640,4810,57506,7968999
1433,1,640,4810,57509,7968999
1434,1,640,4810,57513,7968999
1435,1,640,4810,57504,7968999
1436,1,640,4810,57507,7968999
1437,1,640,4810,57510,7968999
1438,2,1530,24125,84520,7997999
1439,2,1530,24125,84520,7997999
1440,1,383,9047,231563,8009000
1441,1,383,9047,231563,8009000
1442,2,1120,30918,142124,8010999
1443,2,1120,30918,142124,8010999
1444,2,1120,30918,142124,8010999
1445,1,47,1408,71322,8017000
1446,1,765,14073,555673,8019999
1447,1,640,4810,119668,8132999
1448,1,640,4810,135464,8136000
1449,3,1967,27987,16367,8147999
1450,1,640,4810,75508,8182999
1451,2,1120,30918,577086,8196000
1452,2,1120,30918,577086,8196000
1453,2,1120,30918,577086,8196000
1454,1,560,15459,324699,8226999
1455,1,560,15459,324699,8226999
1456,1,560,15459,324699,8226999
1457,1,383,9047,144155,8245000
1458,1,383,9047,144155,8245000
1459,4,5120,33666,126274,8374000
1460,1,640,4810,111880,8390999
1461,1,640,4810,113942,8403000
1462,1,640,4810,78974,8425000
1463,1,383,9047,266517,8433000
1464,2,1530,24125,156748,8441000
1465,2,1530,24125,156748,8441000
1466,1,383,9047,167579,8500999
1467,1,383,9047,167579,8500999
1468,1,383,9047,302192,8505000
1469,1,383,9047,302192,8505000
1470,1,383,9047,164531,8505000
1471,1,383,9047,164531,8505000
1472,1,383,9047,164567,8505000
1473,1,383,9047,164567,8505000
1474,1,383,9047,302193,8505000
1475,1,383,9047,302193,8505000
1476,1,383,9047,164626,8505000
1477,1,383,9047,164626,8505000
1478,1,383,9047,164532,8505000
1479,1,383,9047,164532,8505000
1480,1,192,4524,314389,8535000
1481,2,3496,24125,407369,8538999
1482,2,3496,24125,407369,8538999
1483,1,120,3092,81070,8574999
1484,1,120,3092,90410,8575999
1485,1,120,3092,186243,8653000
1486,1,120,3092,105136,8655000
1487,1,383,9047,81972,8666999
1488,1,383,9047,81972,8666999
1489,4,5120,33666,307799,8693000
1490,1,120,3092,6169,8740999
1491,1,47,1408,27261,8832000
1492,1,47,1408,27263,8832000
1493,1,383,9047,559228,8872999
1494,1,383,9047,559228,8872999
1495,1,383,9047,559228,8872999
1496,1,383,9047,559228,8872999
1497,1,383,9047,263309,8887999
1498,1,383,9047,263309,8887999
1499,1,560,15459,384717,8887999
1500,1,560,15459,384717,8887999
1501,1,560,15459,384717,8887999
1502,4,3059,44229,505986,8895999
1503,4,3059,44229,505986,8895999
1504,4,3059,44229,505988,8895999
1505,4,3059,44229,505988,8895999
1506,1,640,4810,113523,8896999
1507,1,765,14073,248888,8901000
1508,1,640,4810,115223,8908999
1509,1,383,9047,124666,8918999
1510,1,383,9047,124666,8918999
1511,1,120,3092,6407,8923000
1512,1,47,1408,22218,8938999
1513,1,47,1408,22219,8938999
1514,1,383,9047,293627,8967999
1515,1,383,9047,293627,8967999
1516,1,47,1408,26805,9015999
1517,1,47,1408,26806,9015999
1518,1,120,3092,84514,9111999
1519,1,47,1408,38483,9111999
1520,1,383,9047,366732,9147999
1521,1,383,9047,366732,9147999
1522,1,192,4524,309787,9197000
1523,1,640,4810,112759,9212000
1524,2,1120,30918,184425,9234999
1525,2,1120,30918,184425,9234999
1526,2,1120,30918,184425,9234999
1527,1,47,1408,16772,9247000
1528,1,47,1408,16773,9247000
1529,1,47,1408,6222,9270000
1530,1,765,14073,395942,9286999
1531,2,1120,30918,103276,9291000
1532,2,1120,30918,103276,9291000
1533,2,1120,30918,103276,9291000
1534,2,1120,30918,340749,9291000
1535,2,1120,30918,340749,9291000
1536,2,1120,30918,340749,9291000
1537,2,1120,30918,340750,9291000
1538,2,1120,30918,340750,9291000
1539,2,1120,30918,340750,9291000
1540,2,1120,30918,103377,9291000
1541,2,1120,30918,103377,9291000
1542,2,1120,30918,103377,9291000
1543,2,1120,30918,96652,9296999
1544,2,1120,30918,96652,9296999
1545,2,1120,30918,96652,9296999
1546,2,1120,30918,402182,9296999
1547,2,1120,30918,402182,9296999
1548,2,1120,30918,402182,9296999
1549,2,1120,30918,402183,9296999
1550,2,1120,30918,402183,9296999
1551,2,1120,30918,402183,9296999
1552,2,1120,30918,96757,9296999
1553,2,1120,30918,96757,9296999
1554,2,1120,30918,96757,9296999
1555,2,1120,30918,283050,9337000
1556,2,1120,30918,283050,9337000
1557,2,1120,30918,283050,9337000
1558,1,47,1408,22138,9365000
1559,1,47,1408,22139,9365000
1560,1,192,4524,555583,9459999
1561,1,192,4524,555583,9459999
1562,1,192,4524,456112,9459999
1563,1,192,4524,456112,9459999
1564,1,192,4524,193500,9459999
1565,1,192,4524,193500,9459999
1566,2,3496,24125,102093,9482999
1567,2,3496,24125,102093,9482999
1568,1,47,1408,21706,9487000
1569,1,47,1408,21707,9487000
1570,1,765,14073,431163,9559000
1571,1,383,9047,78416,9727999
1572,1,383,9047,78416,9727999
1573,1,383,9047,330936,9727999
1574,1,383,9047,330936,9727999
1575,1,383,9047,238276,9727999
1576,1,383,9047,238276,9727999
1577,1,383,9047,145049,9755999
1578,1,383,9047,145049,9755999
1579,1,640,4810,168161,9852999
1580,1,192,4524,305130,9859999
1581,1,640,4810,505572,9894000
1582,1,640,4810,177228,9895999
1583,1,640,4810,526522,9897999
1584,1,383,9047,596976,10077000
1585,1,383,9047,596976,10077000
1586,1,640,4810,466855,10179999
1587,1,560,15459,397623,10215999
1588,1,560,15459,397623,10215999
1589,1,560,15459,397623,10215999
1590,1,383,9047,95056,10228000
1591,1,383,9047,95056,10228000
1592,4,2240,48094,500077,10236999
1593,4,2240,48094,500077,10236999
1594,4,2240,48094,500077,10236999
1595,1,192,4524,168774,10265000
1596,1,192,4524,168774,10265000
1597,1,383,9047,211751,10278000
1598,1,120,3092,110433,10292000
1599,1,120,3092,100368,10292000
1600,6,3933,55739,389139,10308000
1601,6,3933,55739,376024,10320999
1602,1,47,1408,49830,10396000
1603,1,383,9047,479423,10402999
1604,1,383,9047,479423,10402999
1605,1,120,3092,84330,10406999
1606,1,47,1408,6187,10495999
1607,1,383,9047,146963,10526999
1608,1,383,9047,146963,10526999
1609,1,383,9047,146963,10526999
1610,1,383,9047,146963,10526999
1611,1,120,3092,6356,10564999
1612,1,47,1408,16164,10577000
1613,1,47,1408,16165,10577000
1614,1,383,9047,256516,10631999
1615,1,383,9047,256516,10631999
1616,1,47,1408,16579,10660999
1617,1,47,1408,16581,10660999
1618,1,47,1408,27344,10666999
1619,1,47,1408,27345,10666999
1620,2,1120,30918,387018,10720999
1621,2,1120,30918,387018,10720999
1622,2,1120,30918,387018,10720999
1623,2,1120,30918,387019,10720999
1624,2,1120,30918,387019,10720999
1625,2,1120,30918,387019,10720999
1626,2,1120,30918,92859,10720999
1627,2,1120,30918,92859,10720999
1628,2,1120,30918,92859,10720999
1629,2,1120,30918,92860,10720999
1630,2,1120,30918,92860,10720999
1631,2,1120,30918,92860,10720999
1632,1,47,1408,21789,10767000
1633,1,47,1408,21790,10767000
1634,1,1280,8932,424411,10835000
1635,1,765,14073,561620,10835000
1636,1,765,14073,561619,10835000
1637,1,120,3092,94876,10880000
1638,1,120,3092,99593,10881000
1639,1,560,15459,474311,10887000
1640,1,560,15459,474311,10887000
1641,1,560,15459,474311,10887000
1642,1,383,9047,285580,10962000
1643,1,383,9047,285580,10962000
1644,1,383,9047,285627,10962000
1645,1,383,9047,285627,10962000
1646,1,383,9047,285667,10962000
1647,1,383,9047,285667,10962000
1648,1,383,9047,377797,10982000
1649,1,383,9047,377797,10982000
1650,1,120,3092,6228,11054999
1651,1,47,1408,26696,11147000
1652,1,47,1408,26697,11147000
1653,1,47,1408,58609,11177000
1654,1,47,1408,38438,11177000
1655,1,192,4524,318884,11193999
1656,1,47,1408,21812,11253999
1657,1,47,1408,21814,11253999
1658,1,1280,8932,347533,11262999
1659,1,383,9047,478105,11290999
1660,1,383,9047,478105,11290999
1661,1,47,1408,6446,11313999
1662,2,1120,30918,595218,11371000
1663,2,1120,30918,595218,11371000
1664,2,1120,30918,595218,11371000
1665,1,47,1408,34401,11371999
1666,1,47,1408,21363,11394999
1667,1,47,1408,21365,11394999
1668,1,47,1408,47196,11405000
1669,1,47,1408,52304,11405000
1670,1,47,1408,57413,11405000
1671,1,47,1408,60158,11447999
1672,1,47,1408,60160,11447999
1673,1,47,1408,65255,11447999
1674,1,47,1408,65256,11447999
1675,1,47,1408,98441,11447999
1676,1,47,1408,98441,11447999
1677,2,1120,30918,187025,11453999
1678,2,1120,30918,187025,11453999
1679,2,1120,30918,187025,11453999
1680,2,1120,30918,64582,11453999
1681,2,1120,30918,64582,11453999
1682,2,1120,30918,64582,11453999
1683,1,47,1408,27307,11499999
1684,1,47,1408,27309,11499999
1685,1,47,1408,40439,11505999
1686,1,47,1408,40440,11505999
1687,1,383,9047,136676,11531000
1688,1,560,15459,322133,11574999
1689,1,560,15459,322133,11574999
1690,1,560,15459,322133,11574999
1691,4,2240,48094,347832,11773999
1692,4,2240,48094,347832,11773999
1693,4,2240,48094,347832,11773999
1694,4,2240,48094,203370,11773999
1695,4,2240,48094,203370,11773999
1696,4,2240,48094,203370,11773999
1697,4,2240,48094,347832,11773999
1698,4,2240,48094,347832,11773999
1699,4,2240,48094,347832,11773999
1700,4,2240,48094,347832,11773999
1701,4,2240,48094,347832,11773999
1702,4,2240,48094,347832,11773999
1703,1,192,4524,318877,11875000
1704,1,383,9047,566196,11893999
1705,1,383,9047,566196,11893999
1706,1,383,9047,198874,11893999
1707,1,383,9047,198874,11893999
1708,1,383,9047,361500,11893999
1709,1,383,9047,361500,11893999
1710,2,1120,30918,197325,11895000
1711,2,1120,30918,197325,11895000
1712,2,1120,30918,197325,11895000
1713,1,47,1408,30556,11962000
1714,1,47,1408,62776,11991000
1715,1,47,1408,67884,11991000
1716,1,120,3092,84718,11994000
1717,1,47,1408,48746,11994999
1718,3,1967,27987,59658,12018999
1719,2,1120,30918,430029,12030000
1720,2,1120,30918,430029,12030000
1721,2,1120,30918,430029,12030000
1722,1,47,1408,51182,12048999
1723,1,47,1408,51182,12048999
1724,1,47,1408,51183,12048999
1725,1,47,1408,51184,12048999
1726,3,1967,27987,30049,12052000
1727,1,120,3092,6653,12162000
1728,1,47,1408,37257,12194999
1729,1,47,1408,67640,12231999
1730,1,47,1408,26668,12243000
1731,1,47,1408,26669,12243000
1732,2,1120,30918,70968,12281000
1733,2,1120,30918,70968,12281000
1734,2,1120,30918,70968,12281000
1735,2,1120,30918,304815,12281000
1736,2,1120,30918,304815,12281000
1737,2,1120,30918,304815,12281000
1738,1,383,9047,90554,12296000
1739,1,383,9047,485084,12330999
1740,1,383,9047,485084,12330999
1741,1,383,9047,268954,12359999
1742,4,5120,33666,121289,12365000
1743,1,47,1408,26581,12365000
1744,1,47,1408,26582,12365000
1745,3,1967,27987,112781,12367999
1746,1,47,1408,62226,12406000
1747,1,383,9047,164837,12461999
1748,1,383,9047,164837,12461999
1749,1,383,9047,439990,12479999
1750,1,383,9047,78673,12479999
1751,2,1120,30918,219129,12543999
1752,2,1120,30918,219129,12543999
1753,2,1120,30918,219129,12543999
1754,2,1120,30918,219161,12543999
1755,2,1120,30918,219161,12543999
1756,2,1120,30918,219161,12543999
1757,1,192,4524,318699,12550000
1758,2,1120,30918,139178,12570000
1759,2,1120,30918,139178,12570000
1760,2,1120,30918,139178,12570000
1761,2,6991,24125,569090,12573999
1762,2,6991,24125,569090,12573999
1763,1,47,1408,60515,12580999
1764,3,1967,27987,750,12620999
1765,2,1120,30918,271228,12623000
1766,2,1120,30918,271228,12623000
1767,2,1120,30918,271228,12623000
1768,1,1280,8932,246119,12646000
1769,1,1280,8932,415964,12646999
1770,2,1120,30918,187336,12646999
1771,2,1120,30918,187336,12646999
1772,2,1120,30918,187336,12646999
1773,2,1120,30918,69316,12646999
1774,2,1120,30918,69316,12646999
1775,2,1120,30918,69316,12646999
1776,1,192,4524,508315,12746999
1777,1,192,4524,508315,12746999
1778,1,383,9047,482291,12781999
1779,1,383,9047,482291,12781999
1780,1,383,9047,283647,12782999
1781,1,383,9047,283647,12782999
1782,2,1120,30918,571795,12832000
1783,2,1120,30918,571795,12832000
1784,2,1120,30918,571795,12832000
1785,2,1120,30918,465150,12832000
1786,2,1120,30918,465150,12832000
1787,2,1120,30918,465150,12832000
1788,2,1120,30918,325823,12839000
1789,2,1120,30918,325823,12839000
1790,2,1120,30918,325823,12839000
1791,3,1967,27987,13535,12857999
1792,3,1967,27987,15633,12857999
1793,12,7865,111203,15627,12857999
1794,6,3933,55739,4532,12867000
1795,3,1967,27987,3770,12868000
1796,6,3933,55739,4547,12868000
1797,6,3933,55739,3533,12868000
1798,3,1967,27987,4805,12868000
1799,3,1967,27987,4802,12868000
1800,3,1967,27987,4661,12868000
1801,6,3933,55739,5622,12868000
1802,6,3933,55739,3264,12868000
1803,3,1967,27987,4984,12868000
1804,3,1967,27987,5627,12868000
1805,12,7865,111203,4806,12868000
1806,3,1967,27987,6500,12868000
1807,12,7865,111203,2534,12869000
1808,6,3933,55739,2772,12869000
1809,3,1967,27987,3662,12869000
1810,6,3933,55739,3985,12869000
1811,3,1967,27987,4739,12869000
1812,12,7865,111203,4634,12869000
1813,3,1967,27987,2873,12869000
1814,3,1967,27987,3982,12869000
1815,6,3933,55739,3553,12869000
1816,6,3933,55739,2874,12869000
1817,12,7865,111203,2770,12869000
1818,3,1967,27987,2874,12869000
1819,6,3933,55739,3532,12869000
1820,6,3933,55739,2775,12869000
1821,6,3933,55739,2773,12869000
1822,12,7865,111203,2773,12869000
1823,3,1967,27987,4630,12869000
1824,3,1967,27987,4627,12869000
1825,3,1967,27987,4587,12869999
1826,3,1967,27987,2801,12869999
1827,3,1967,27987,3629,12869999
1828,12,7865,111203,2804,12869999
1829,6,3933,55739,2539,12869999
1830,12,7865,111203,1943,12869999
1831,12,7865,111203,3626,12869999
1832,3,1967,27987,3628,12869999
1833,6,3933,55739,3625,12869999
1834,3,1967,27987,3634,12869999
1835,12,7865,111203,2537,12869999
1836,12,7865,111203,3621,12869999
1837,3,1967,27987,4499,12869999
1838,3,1967,27987,2985,12869999
1839,3,1967,27987,2663,12869999
1840,3,1967,27987,3631,12869999
1841,12,7865,111203,3632,12869999
1842,3,1967,27987,3634,12869999
1843,3,1967,27987,2661,12869999
1844,3,1967,27987,3623,12869999
1845,3,1967,27987,4504,12869999
1846,3,1967,27987,4587,12869999
1847,6,3933,55739,771,12870999
1848,3,1967,27987,3503,12870999
1849,3,1967,27987,771,12870999
1850,12,7865,111203,1984,12870999
1851,3,1967,27987,2621,12870999
1852,12,7865,111203,2622,12870999
1853,3,1967,27987,1531,12870999
1854,3,1967,27987,3504,12870999
1855,3,1967,27987,2635,12870999
1856,12,7865,111203,874,12870999
1857,3,1967,27987,3502,12870999
1858,1,560,15459,421127,12874000
1859,1,560,15459,421127,12874000
1860,1,560,15459,421127,12874000
1861,1,1280,8932,251665,12896000
1862,2,1120,30918,325971,12937999
1863,2,1120,30918,325971,12937999
1864,2,1120,30918,325971,12937999
1865,2,1120,30918,324818,12938999
1866,2,1120,30918,324818,12938999
1867,2,1120,30918,324818,12938999
1868,8,10240,66645,262025,12942000
1869,2,1120,30918,247534,13015000
1870,2,1120,30918,247534,13015000
1871,2,1120,30918,247534,13015000
1872,2,1120,30918,175158,13015000
1873,2,1120,30918,175158,13015000
1874,2,1120,30918,175158,13015000
1875,1,383,9047,311348,13047999
1876,2,1120,30918,472996,13115999
1877,2,1120,30918,472996,13115999
1878,2,1120,30918,472996,13115999
1879,1,640,4810,592903,13122999
1880,1,640,4810,577170,13124999
1881,1,383,9047,495469,13151000
1882,1,383,9047,495469,13151000
1883,1,1280,8932,239964,13151999
1884,1,383,9047,84778,13165000
1885,1,47,1408,42475,13194000
1886,1,47,1408,50747,13194000
1887,1,383,9047,76556,13203999
1888,1,383,9047,76556,13203999
1889,1,383,9047,188215,13203999
1890,1,383,9047,188215,13203999
1891,2,1120,30918,161213,13231000
1892,2,1120,30918,161213,13231000
1893,2,1120,30918,161213,13231000
1894,2,1120,30918,60983,13231000
1895,2,1120,30918,60983,13231000
1896,2,1120,30918,60983,13231000
1897,6,3933,55739,13026,13254000
1898,3,1967,27987,14197,13255000
1899,3,1967,27987,5339,13262999
1900,3,1967,27987,4698,13262999
1901,3,1967,27987,6685,13262999
1902,3,1967,27987,5307,13262999
1903,3,1967,27987,4267,13263999
1904,3,1967,27987,3839,13263999
1905,3,1967,27987,3605,13263999
1906,3,1967,27987,3700,13263999
1907,6,3933,55739,2572,13263999
1908,6,3933,55739,2820,13263999
1909,3,1967,27987,4269,13263999
1910,6,3933,55739,4338,13263999
1911,3,1967,27987,4414,13263999
1912,3,1967,27987,5205,13263999
1913,12,7865,111203,5195,13263999
1914,6,3933,55739,3025,13263999
1915,6,3933,55739,3936,13263999
1916,3,1967,27987,5210,13263999
1917,6,3933,55739,3404,13263999
1918,3,1967,27987,5689,13263999
1919,3,1967,27987,3935,13263999
1920,6,3933,55739,3027,13263999
1921,6,3933,55739,4312,13263999
1922,3,1967,27987,3022,13263999
1923,12,7865,111203,4311,13263999
1924,3,1967,27987,4306,13263999
1925,6,3933,55739,5195,13263999
1926,3,1967,27987,3835,13264999
1927,6,3933,55739,1821,13264999
1928,3,1967,27987,3269,13264999
1929,3,1967,27987,2255,13264999
1930,12,7865,111203,2332,13264999
1931,12,7865,111203,3760,13264999
1932,12,7865,111203,2412,13264999
1933,3,1967,27987,3586,13264999
1934,6,3933,55739,2603,13264999
1935,12,7865,111203,2604,13264999
1936,12,7865,111203,3415,13264999
1937,3,1967,27987,3266,13264999
1938,3,1967,27987,3263,13264999
1939,3,1967,27987,3312,13264999
1940,3,1967,27987,3310,13264999
1941,3,1967,27987,4689,13264999
1942,6,3933,55739,2180,13264999
1943,6,3933,55739,3324,13264999
1944,3,1967,27987,3305,13264999
1945,3,1967,27987,4206,13264999
1946,12,7865,111203,4208,13264999
1947,3,1967,27987,4767,13264999
1948,3,1967,27987,3314,13264999
1949,6,3933,55739,4202,13264999
1950,3,1967,27987,3316,13264999
1951,3,1967,27987,3314,13264999
1952,12,7865,111203,2024,13264999
1953,3,1967,27987,4202,13264999
1954,12,7865,111203,3323,13264999
1955,3,1967,27987,1838,13265999
1956,12,7865,111203,1838,13265999
1957,6,3933,55739,1911,13265999
1958,3,1967,27987,2760,13265999
1959,12,7865,111203,896,13265999
1960,3,1967,27987,2263,13265999
1961,6,3933,55739,2265,13265999
1962,12,7865,111203,2270,13265999
1963,3,1967,27987,2263,13265999
1964,12,7865,111203,2268,13265999
1965,3,1967,27987,2759,13265999
1966,6,3933,55739,572,13265999
1967,3,1967,27987,2836,13265999
1968,3,1967,27987,2585,13265999
1969,3,1967,27987,2339,13265999
1970,3,1967,27987,3209,13265999
1971,3,1967,27987,2315,13265999
1972,3,1967,27987,3685,13265999
1973,3,1967,27987,1934,13265999
1974,6,3933,55739,3211,13265999
1975,6,3933,55739,3376,13265999
1976,3,1967,27987,3212,13265999
1977,6,3933,55739,1022,13265999
1978,3,1967,27987,3377,13265999
1979,6,3933,55739,3202,13265999
1980,3,1967,27987,3765,13265999
1981,3,1967,27987,3200,13265999
1982,3,1967,27987,3201,13265999
1983,3,1967,27987,3684,13265999
1984,3,1967,27987,3688,13265999
1985,6,3933,55739,1403,13265999
1986,3,1967,27987,2322,13265999
1987,12,7865,111203,2765,13267000
1988,3,1967,27987,2206,13267000
1989,12,7865,111203,2206,13267000
1990,6,3933,55739,1309,13267000
1991,6,3933,55739,2209,13267000
1992,3,1967,27987,1308,13267000
1993,3,1967,27987,1686,13268000
1994,3,1967,27987,1683,13268000
1995,3,1967,27987,1377,13268000
1996,3,1967,27987,1196,13268000
1997,3,1967,27987,1198,13268000
1998,3,1967,27987,1198,13268000
1999,3,1967,27987,1203,13268000
2000,1,47,1408,6494,13329000
2001,1,383,9047,327198,13346999
2002,1,383,9047,327198,13346999
2003,1,383,9047,327198,13346999
2004,1,383,9047,277142,13380000
2005,1,383,9047,277142,13380000
2006,1,383,9047,277049,13380000
2007,1,383,9047,277049,13380000
2008,1,383,9047,503504,13380000
2009,1,383,9047,503504,13380000
2010,1,47,1408,44051,13381999
2011,1,120,3092,79556,13391999
2012,1,1280,8932,256195,13396000
2013,1,47,1408,46481,13396999
2014,1,47,1408,27396,13419999
2015,1,47,1408,27398,13419999
2016,1,47,1408,49279,13440000
2017,1,47,1408,54386,13440000
2018,1,47,1408,59495,13440000
2019,1,120,3092,114689,13449999
2020,1,120,3092,104846,13449999
2021,1,47,1408,77539,13487999
2022,1,47,1408,77540,13487999
2023,1,47,1408,82648,13487999
2024,1,47,1408,82648,13487999
2025,1,47,1408,108366,13487999
2026,1,47,1408,108367,13487999
2027,1,765,14073,219822,13493999
2028,1,192,4524,456671,13537999
2029,1,192,4524,456671,13537999
2030,1,192,4524,456671,13537999
2031,1,47,1408,16965,13542000
2032,1,47,1408,16966,13542000
2033,1,120,3092,6080,13544999
2034,1,47,1408,36365,13559999
2035,1,47,1408,36365,13559999
2036,1,383,9047,511081,13569999
2037,1,383,9047,511081,13569999
2038,1,383,9047,405386,13569999
2039,1,383,9047,405386,13569999
2040,1,383,9047,405416,13569999
2041,1,383,9047,405416,13569999
2042,1,120,3092,6822,13638000
2043,1,47,1408,22083,13640000
2044,1,47,1408,22084,13640000
2045,1,1280,8932,284405,13662000
2046,1,47,1408,38464,13707000
2047,1,640,4810,111616,13714000
2048,1,47,1408,22499,13719000
2049,1,47,1408,22500,13719000
2050,1,383,9047,355083,13725999
2051,1,383,9047,355083,13725999
2052,1,383,9047,355083,13725999
2053,1,383,9047,355187,13725999
2054,1,383,9047,355187,13725999
2055,1,383,9047,355187,13725999
2056,1,47,1408,58533,13744999
2057,1,47,1408,26701,13745999
2058,1,47,1408,26702,13745999
2059,2,1120,30918,267986,13812999
2060,2,1120,30918,267986,13812999
2061,2,1120,30918,267986,13812999
2062,1,47,1408,17039,13826000
2063,1,47,1408,17040,13826000
2064,1,383,9047,561946,13827999
2065,1,383,9047,561946,13827999
2066,1,383,9047,561947,13827999
2067,1,383,9047,561947,13827999
2068,1,383,9047,107774,13827999
2069,1,383,9047,107774,13827999
2070,1,192,4524,314689,13849999
2071,1,765,14073,51090,13851999
2072,1,47,1408,31007,13916999
2073,1,1280,8932,246907,13951000
2074,1,640,4810,114241,13952000
2075,1,640,4810,154054,13997999
2076,3,1967,27987,14869,14043999
2077,3,1967,27987,16130,14043999
2078,3,1967,27987,6345,14053000
2079,3,1967,27987,6994,14053000
2080,3,1967,27987,5796,14054000
2081,6,3933,55739,4774,14054000
2082,3,1967,27987,5107,14054000
2083,3,1967,27987,5166,14054000
2084,12,7865,111203,5107,14054000
2085,3,1967,27987,5345,14054000
2086,6,3933,55739,5794,14054000
2087,6,3933,55739,3540,14054000
2088,6,3933,55739,5857,14054000
2089,12,7865,111203,5292,14054000
2090,6,3933,55739,3574,14054000
2091,3,1967,27987,5949,14054000
2092,6,3933,55739,5808,14054000
2093,3,1967,27987,4980,14054000
2094,3,1967,27987,5730,14054000
2095,6,3933,55739,3781,14054000
2096,12,7865,111203,4717,14054000
2097,3,1967,27987,6131,14054000
2098,6,3933,55739,3937,14054000
2099,12,7865,111203,5371,14054000
2100,12,7865,111203,3701,14054000
2101,6,3933,55739,4184,14054000
2102,3,1967,27987,4571,14055000
2103,3,1967,27987,4930,14055000
2104,12,7865,111203,4492,14055000
2105,3,1967,27987,5071,14055000
2106,3,1967,27987,4795,14055000
2107,3,1967,27987,4344,14055000
2108,3,1967,27987,4109,14055000
2109,3,1967,27987,4243,14055000
2110,12,7865,111203,4344,14055000
2111,12,7865,111203,3322,14055000
2112,3,1967,27987,5131,14055000
2113,3,1967,27987,3718,14055000
2114,3,1967,27987,2936,14055000
2115,3,1967,27987,3793,14055000
2116,3,1967,27987,5129,14055000
2117,3,1967,27987,4059,14055000
2118,3,1967,27987,3199,14056000
2119,1,47,1408,66083,14071000
2120,1,383,9047,539445,14085999
2121,1,383,9047,539445,14085999
2122,1,765,14073,193478,14130999
2123,2,1120,30918,458147,14164000
2124,2,1120,30918,458147,14164000
2125,2,1120,30918,458147,14164000
2126,2,1120,30918,458147,14164000
2127,2,1120,30918,458147,14164000
2128,2,1120,30918,458147,14164000
2129,1,47,1408,34272,14166000
2130,1,120,3092,109589,14168999
2131,2,1120,30918,541050,14181000
2132,2,1120,30918,541050,14181000
2133,2,1120,30918,541050,14181000
2134,2,1120,30918,176745,14181000
2135,2,1120,30918,176745,14181000
2136,2,1120,30918,176745,14181000
2137,1,640,4810,110229,14197000
2138,1,1280,8932,250154,14202000
2139,1,560,15459,330634,14202000
2140,1,560,15459,330634,14202000
2141,1,560,15459,330634,14202000
2142,1,640,4810,109860,14244999
2143,2,6991,24125,303876,14265999
2144,2,6991,24125,303876,14265999
2145,3,1967,27987,108485,14346999
2146,3,1967,27987,106476,14348999
2147,3,1967,27987,106487,14348999
2148,3,1967,27987,102485,14353000
2149,3,1967,27987,99484,14355999
2150,3,1967,27987,95487,14360000
2151,1,47,1408,6650,14361999
2152,1,765,14073,238204,14399999
2153,2,1120,30918,200063,14425000
2154,2,1120,30918,200063,14425000
2155,2,1120,30918,200063,14425000
2156,1,1280,8932,269399,14456999
2157,1,47,1408,26971,14457999
2158,1,47,1408,26972,14457999
2159,1,640,4810,107172,14493000
2160,1,765,14073,366495,14500000
2161,1,192,4524,352921,14513000
2162,1,640,4810,134991,14524999
2163,2,1120,30918,454594,14559000
2164,2,1120,30918,454594,14559000
2165,2,1120,30918,454594,14559000
2166,2,3059,24125,500091,14568000
2167,2,3059,24125,500091,14568000
2168,1,383,9047,459400,14626000
2169,1,383,9047,459400,14626000
2170,1,383,9047,459401,14626000
2171,1,383,9047,459401,14626000
2172,1,383,9047,268842,14674999
2173,1,383,9047,81554,14717999
2174,1,47,1408,22031,14739999
2175,1,47,1408,22032,14739999
2176,1,640,4810,116358,14747999
2177,6,3933,55739,446505,14759000
2178,6,3933,55739,89944,14762999
2179,6,3933,55739,439510,14766000
2180,6,3933,55739,439509,14766000
2181,1,640,4810,114901,14768999
2182,6,3933,55739,436514,14768999
2183,6,3933,55739,434516,14770999
2184,1,383,9047,241305,14773000
2185,1,383,9047,241305,14773000
2186,6,3933,55739,431507,14774000
2187,6,3933,55739,431506,14774000
2188,6,3933,55739,79762,14774000
2189,6,3933,55739,431519,14774000
2190,6,3933,55739,430513,14775000
2191,6,3933,55739,430416,14775999
2192,6,3933,55739,429505,14775999
2193,6,3933,55739,430417,14775999
2194,6,3933,55739,430419,14775999
2195,6,3933,55739,429421,14776999
2196,6,3933,55739,428509,14776999
2197,6,3933,55739,428509,14776999
2198,6,3933,55739,427420,14778999
2199,6,3933,55739,425413,14781000
2200,6,3933,55739,67941,14782000
2201,6,3933,55739,423418,14783000
2202,6,3933,55739,53163,14784999
2203,6,3933,55739,420417,14785999
2204,6,3933,55739,418517,14787000
2205,6,3933,55739,61941,14788000
2206,6,3933,55739,64761,14789000
2207,6,3933,55739,410511,14795000
2208,6,3933,55739,409515,14796000
2209,6,3933,55739,409506,14796000
2210,6,3933,55739,46941,14805999
2211,6,3933,55739,20765,14833000
2212,3,1967,27987,17738,14835999
2213,6,3933,55739,16957,14835999
2214,6,3933,55739,369519,14835999
2215,6,3933,55739,369517,14835999
2216,6,3933,55739,15187,14835999
2217,3,1967,27987,16957,14835999
2218,3,1967,27987,16744,14836999
2219,3,1967,27987,16771,14836999
2220,12,7865,111203,13417,14836999
2221,12,7865,111203,12939,14836999
2222,12,7865,111203,15946,14836999
2223,12,7865,111203,14085,14836999
2224,3,1967,27987,15772,14837999
2225,3,1967,27987,5615,14845999
2226,3,1967,27987,4138,14845999
2227,6,3933,55739,7758,14845999
2228,6,3933,55739,6942,14845999
2229,3,1967,27987,7782,14845999
2230,6,3933,55739,359513,14845999
2231,3,1967,27987,4184,14847000
2232,6,3933,55739,2937,14847000
2233,3,1967,27987,6776,14847000
2234,3,1967,27987,6784,14847000
2235,6,3933,55739,358511,14847000
2236,3,1967,27987,7029,14847000
2237,3,1967,27987,4612,14847000
2238,6,3933,55739,359415,14847000
2239,3,1967,27987,3138,14847000
2240,3,1967,27987,5733,14848000
2241,3,1967,27987,5751,14848000
2242,3,1967,27987,5732,14848000
2243,3,1967,27987,6039,14848000
2244,3,1967,27987,5732,14848000
2245,3,1967,27987,5731,14848000
2246,3,1967,27987,4947,14848000
2247,12,7865,111203,2418,14848000
2248,3,1967,27987,3613,14848000
2249,3,1967,27987,5747,14848000
2250,3,1967,27987,5774,14848000
2251,12,7865,111203,5759,14848000
2252,6,3933,55739,5751,14848000
2253,3,1967,27987,5766,14848000
2254,3,1967,27987,3185,14848000
2255,3,1967,27987,5760,14848000
2256,6,3933,55739,4943,14848000
2257,12,7865,111203,2586,14848000
2258,3,1967,27987,5778,14848000
2259,6,3933,55739,2868,14848000
2260,3,1967,27987,4759,14849000
2261,6,3933,55739,357422,14849000
2262,6,3933,55739,4753,14849000
2263,3,1967,27987,4729,14849000
2264,3,1967,27987,3946,14849000
2265,3,1967,27987,5035,14849000
2266,12,7865,111203,940,14849000
2267,3,1967,27987,4736,14849000
2268,3,1967,27987,3939,14849000
2269,3,1967,27987,941,14849000
2270,3,1967,27987,4737,14849000
2271,3,1967,27987,4750,14849000
2272,3,1967,27987,4738,14849000
2273,3,1967,27987,3959,14849000
2274,3,1967,27987,4754,14849000
2275,3,1967,27987,2442,14849000
2276,3,1967,27987,3943,14849000
2277,3,1967,27987,3946,14849000
2278,3,1967,27987,4729,14849000
2279,3,1967,27987,3937,14849000
2280,6,3933,55739,357414,14849000
2281,3,1967,27987,2944,14850000
2282,3,1967,27987,3731,14850000
2283,3,1967,27987,2958,14850000
2284,3,1967,27987,2957,14850000
2285,3,1967,27987,2956,14850000
2286,3,1967,27987,3773,14850000
2287,3,1967,27987,3749,14850000
2288,3,1967,27987,3765,14850000
2289,3,1967,27987,3786,14850000
2290,3,1967,27987,3765,14850000
2291,12,7865,111203,3772,14850000
2292,3,1967,27987,3770,14850000
2293,3,1967,27987,3783,14850000
2294,6,3933,55739,3780,14850000
2295,3,1967,27987,4039,14850000
2296,3,1967,27987,1188,14850000
2297,12,7865,111203,4036,14850000
2298,3,1967,27987,2737,14850999
2299,12,7865,111203,3038,14850999
2300,12,7865,111203,2741,14850999
2301,3,1967,27987,2735,14850999
2302,3,1967,27987,2743,14850999
2303,12,7865,111203,2742,14850999
2304,3,1967,27987,2739,14850999
2305,3,1967,27987,2758,14850999
2306,12,7865,111203,2756,14850999
2307,3,1967,27987,2757,14850999
2308,3,1967,27987,2730,14850999
2309,3,1967,27987,2751,14850999
2310,3,1967,27987,2769,14850999
2311,3,1967,27987,2728,14850999
2312,12,7865,111203,2752,14850999
2313,3,1967,27987,2779,14850999
2314,3,1967,27987,2779,14850999
2315,3,1967,27987,2786,14850999
2316,12,7865,111203,1938,14850999
2317,12,7865,111203,1955,14850999
2318,1,765,14073,271106,14872000
2319,6,3933,55739,291398,14914000
2320,1,383,9047,380293,14937000
2321,1,383,9047,380293,14937000
2322,6,3933,55739,247400,14958000
2323,1,383,9047,80986,14968999
2324,6,3933,55739,226457,14978999
2325,1,640,4810,117016,14982000
2326,6,3933,55739,221458,14983999
2327,6,3933,55739,216402,14989000
2328,6,3933,55739,215397,14990000
2329,6,3933,55739,215403,14990000
2330,6,3933,55739,211400,14993999
2331,6,3933,55739,329172,14996000
2332,6,3933,55739,207402,14998000
2333,6,3933,55739,327169,14998000
2334,6,3933,55739,207396,14998000
2335,6,3933,55739,207401,14998000
2336,6,3933,55739,205458,14999999
2337,6,3933,55739,324171,15000999
2338,6,3933,55739,319171,15005999
2339,1,640,4810,110886,15017000
2340,8,10240,66645,174359,15030999
2341,2,1530,24125,568857,15094000
2342,1,383,9047,91893,15131999
2343,1,383,9047,69277,15178999
2344,1,640,4810,90617,15186999
2345,1,640,4810,18257,15186999
2346,1,192,4524,317146,15188000
2347,1,640,4810,10270,15195000
2348,2,1120,30918,440503,15220999
2349,2,1120,30918,440503,15220999
2350,2,1120,30918,440503,15220999
2351,2,1120,30918,440574,15220999
2352,2,1120,30918,440574,15220999
2353,2,1120,30918,440574,15220999
2354,2,1120,30918,440639,15220999
2355,2,1120,30918,440639,15220999
2356,2,1120,30918,440639,15220999
2357,3,1967,27987,16391,15231999
2358,1,765,14073,524380,15235999
2359,3,1967,27987,9431,15237999
2360,3,1967,27987,9428,15237999
2361,3,1967,27987,10386,15237999
2362,3,1967,27987,10378,15237999
2363,3,1967,27987,7093,15237999
2364,3,1967,27987,8378,15237999
2365,3,1967,27987,7411,15241000
2366,3,1967,27987,2406,15241000
2367,3,1967,27987,7381,15241000
2368,3,1967,27987,4233,15241000
2369,3,1967,27987,7396,15241000
2370,3,1967,27987,7391,15241000
2371,3,1967,27987,7409,15241000
2372,3,1967,27987,5381,15243000
2373,3,1967,27987,5382,15243000
2374,12,7865,111203,2701,15243000
2375,3,1967,27987,5407,15243000
2376,3,1967,27987,5388,15243000
2377,3,1967,27987,3236,15243000
2378,3,1967,27987,5393,15243000
2379,3,1967,27987,4434,15243000
2380,3,1967,27987,4434,15243000
2381,3,1967,27987,5395,15243000
2382,3,1967,27987,5396,15243000
2383,3,1967,27987,5387,15243000
2384,3,1967,27987,5402,15243000
2385,12,7865,111203,4433,15243000
2386,12,7865,111203,2612,15243000
2387,3,1967,27987,4427,15243000
2388,3,1967,27987,3380,15243000
2389,3,1967,27987,5380,15243000
2390,3,1967,27987,2235,15243999
2391,12,7865,111203,4380,15243999
2392,12,7865,111203,4379,15243999
2393,12,7865,111203,2379,15243999
2394,12,7865,111203,1966,15243999
2395,3,1967,27987,3427,15243999
2396,3,1967,27987,3432,15243999
2397,3,1967,27987,4406,15243999
2398,12,7865,111203,2382,15243999
2399,3,1967,27987,4408,15243999
2400,3,1967,27987,3435,15243999
2401,3,1967,27987,4384,15243999
2402,3,1967,27987,4394,15243999
2403,12,7865,111203,3428,15243999
2404,12,7865,111203,3431,15243999
2405,12,7865,111203,1535,15243999
2406,12,7865,111203,4387,15243999
2407,3,1967,27987,4403,15243999
2408,3,1967,27987,4405,15243999
2409,3,1967,27987,3390,15244999
2410,3,1967,27987,3393,15244999
2411,3,1967,27987,3388,15244999
2412,12,7865,111203,536,15244999
2413,3,1967,27987,3394,15244999
2414,3,1967,27987,3411,15244999
2415,3,1967,27987,3405,15244999
2416,3,1967,27987,3401,15244999
2417,3,1967,27987,3412,15244999
2418,3,1967,27987,3408,15244999
2419,3,1967,27987,3408,15244999
2420,3,1967,27987,1430,15245999
2421,1,640,4810,107358,15250999
2422,1,640,4810,236263,15260999
2423,1,383,9047,538931,15280999
2424,1,383,9047,538931,15280999
2425,3,1967,27987,18241,15327999
2426,1,383,9047,71817,15336000
2427,3,1967,27987,8073,15337000
2428,3,1967,27987,8474,15337000
2429,3,1967,27987,7072,15338000
2430,3,1967,27987,7382,15338000
2431,3,1967,27987,6023,15338000
2432,3,1967,27987,6256,15338000
2433,3,1967,27987,5879,15338000
2434,3,1967,27987,7383,15338000
2435,3,1967,27987,7864,15338000
2436,3,1967,27987,6598,15338000
2437,3,1967,27987,6024,15338000
2438,12,7865,111203,7071,15338000
2439,2,2560,17177,176471,15339999
2440,1,383,9047,84460,15359000
2441,1,383,9047,84460,15359000
2442,1,383,9047,210803,15359000
2443,1,383,9047,210803,15359000
2444,1,383,9047,285020,15405000
2445,1,383,9047,285020,15405000
2446,1,765,14073,115311,15409999
2447,8,10240,66645,74636,15426000
2448,1,383,9047,458762,15431999
2449,1,383,9047,458762,15431999
2450,1,640,4810,87226,15433000
2451,1,120,3092,64609,15462000
2452,1,47,1408,44421,15462000
2453,1,640,4810,595329,15501000
2454,1,640,4810,106550,15501000
2455,1,640,4810,114341,15503999
2456,1,640,4810,90617,15509000
2457,1,640,4810,117712,15523000
2458,1,560,15459,323454,15531000
2459,1,560,15459,323454,15531000
2460,1,560,15459,323454,15531000
2461,1,383,9047,91710,15539000
2462,1,120,3092,6313,15600999
2463,1,120,3092,85991,15634000
2464,1,120,3092,79616,15635000
2465,3,1967,27987,3554,15636999
2466,3,1967,27987,2792,15637999
2467,12,7865,111203,2172,15637999
2468,3,1967,27987,2789,15637999
2469,12,7865,111203,2172,15637999
2470,3,1967,27987,3315,15637999
2471,3,1967,27987,3316,15637999
2472,12,7865,111203,2876,15637999
2473,3,1967,27987,2985,15637999
2474,3,1967,27987,2552,15637999
2475,3,1967,27987,2790,15637999
2476,3,1967,27987,3407,15637999
2477,12,7865,111203,2876,15637999
2478,12,7865,111203,2553,15637999
2479,3,1967,27987,2791,15637999
2480,3,1967,27987,2552,15637999
2481,3,1967,27987,3317,15637999
2482,3,1967,27987,3408,15637999
2483,3,1967,27987,2793,15637999
2484,3,1967,27987,1991,15638999
2485,12,7865,111203,2076,15638999
2486,3,1967,27987,530,15638999
2487,12,7865,111203,2173,15638999
2488,3,1967,27987,2172,15638999
2489,3,1967,27987,1217,15640000
2490,3,1967,27987,1218,15640000
2491,3,1967,27987,1346,15640000
2492,3,1967,27987,215,15641000
2493,3,1967,27987,346,15641000
2494,3,1967,27987,216,15641000
2495,3,1967,27987,219,15641000
2496,3,1967,27987,347,15641000
2497,12,7865,111203,482467,15643000
2498,12,7865,111203,512494,15643000
2499,12,7865,111203,497465,15643000
2500,12,7865,111203,482468,15643000
2501,12,7865,111203,452499,15643000
2502,12,7865,111203,575994,15646999
2503,12,7865,111203,491638,15649000
2504,1,640,4810,86743,15675999
2505,1,47,1408,26392,15693000
2506,1,47,1408,26394,15693000
2507,12,7865,111203,596791,15709000
2508,12,7865,111203,594791,15710999
2509,1,120,3092,73922,15735999
2510,1,47,1408,53806,15735999
2511,1,640,4810,90681,15745000
2512,1,640,4810,117606,15752000
2513,1,640,4810,118432,15756999
2514,1,47,1408,6803,15813000
2515,1,47,1408,27242,15814000
2516,1,47,1408,27243,15814000
2517,1,47,1408,6832,15882999
2518,1,47,1408,16392,15895000
2519,1,47,1408,16393,15895000
2520,1,640,4810,88194,15927999
2521,1,383,9047,387479,15969000
2522,1,383,9047,387479,15969000
2523,1,47,1408,26918,15974000
2524,1,47,1408,26919,15974000
2525,1,640,4810,84465,15984999
2526,1,47,1408,17135,15994999
2527,1,47,1408,17136,15994999
2528,1,640,4810,112622,16000999
2529,1,640,4810,111637,16011000
2530,1,383,9047,352604,16108000
2531,1,383,9047,352604,16108000
2532,1,383,9047,198021,16120999
2533,1,383,9047,198021,16120999
2534,1,47,1408,27437,16125000
2535,1,47,1408,27438,16125000
2536,1,640,4810,83448,16149999
2537,2,1120,30918,125220,16193999
2538,2,1120,30918,125220,16193999
2539,2,1120,30918,125220,16193999
2540,2,1120,30918,296661,16193999
2541,2,1120,30918,296661,16193999
2542,2,1120,30918,296661,16193999
2543,2,1120,30918,296663,16193999
2544,2,1120,30918,296663,16193999
2545,2,1120,30918,296663,16193999
2546,1,560,15459,332099,16197000
2547,1,560,15459,332099,16197000
2548,1,560,15459,332099,16197000
2549,3,1967,27987,19782,16201999
2550,3,1967,27987,18317,16202999
2551,3,1967,27987,18040,16202999
2552,3,1967,27987,18041,16202999
2553,3,1967,27987,18790,16202999
2554,12,7865,111203,15763,16202999
2555,3,1967,27987,7911,16212000
2556,3,1967,27987,8017,16213000
2557,3,1967,27987,5422,16213000
2558,3,1967,27987,7863,16213000
2559,3,1967,27987,8315,16213000
2560,12,7865,111203,7863,16213000
2561,3,1967,27987,5346,16213000
2562,12,7865,111203,6220,16213000
2563,3,1967,27987,9976,16213000
2564,12,7865,111203,6223,16213000
2565,3,1967,27987,7958,16213000
2566,3,1967,27987,7646,16213000
2567,3,1967,27987,8243,16213000
2568,12,7865,111203,7822,16213000
2569,12,7865,111203,5761,16213000
2570,3,1967,27987,8243,16213000
2571,3,1967,27987,8709,16213000
2572,3,1967,27987,8176,16214000
2573,12,7865,111203,4719,16214000
2574,3,1967,27987,8175,16214000
2575,3,1967,27987,7875,16214000
2576,3,1967,27987,7975,16214000
2577,12,7865,111203,4255,16214000
2578,3,1967,27987,6821,16214000
2579,12,7865,111203,4760,16214000
2580,3,1967,27987,5767,16215999
2581,3,1967,27987,5876,16215999
2582,12,7865,111203,2220,16215999
2583,3,1967,27987,4313,16215999
2584,3,1967,27987,5223,16215999
2585,12,7865,111203,5147,16215999
2586,3,1967,27987,5146,16215999
2587,3,1967,27987,5147,16215999
2588,3,1967,27987,6301,16215999
2589,3,1967,27987,4610,16215999
2590,1,640,4810,89947,16231999
2591,1,640,4810,138619,16250000
2592,2,1120,30918,68729,16251000
2593,2,1120,30918,68729,16251000
2594,2,1120,30918,68729,16251000
2595,1,640,4810,111892,16262999
2596,1,383,9047,121479,16340999
2597,1,383,9047,121479,16340999
2598,1,47,1408,50714,16351999
2599,1,640,4810,94916,16391000
2600,1,383,9047,201408,16456000
2601,1,383,9047,201408,16456000
2602,1,640,4810,91180,16479000
2603,6,3933,55739,2872,16479000
2604,6,3933,55739,2612,16479000
2605,6,3933,55739,8198,16489000
2606,6,3933,55739,7716,16489000
2607,6,3933,55739,7718,16489000
2608,6,3933,55739,7934,16489000
2609,6,3933,55739,7691,16489000
2610,6,3933,55739,6464,16489999
2611,1,640,4810,106736,16491999
2612,1,192,4524,304730,16504000
2613,1,47,1408,35386,16508000
2614,1,640,4810,115183,16510000
2615,1,383,9047,299170,16526000
2616,1,383,9047,299170,16526000
2617,1,383,9047,299198,16526000
2618,1,383,9047,299198,16526000
2619,1,47,1408,61744,16542999
2620,3,1967,27987,14331,16599000
2621,3,1967,27987,15744,16599000
2622,3,1967,27987,15419,16599000
2623,12,7865,111203,14861,16599000
2624,3,1967,27987,15423,16599000
2625,3,1967,27987,15848,16599000
2626,3,1967,27987,14481,16599000
2627,3,1967,27987,14671,16599000
2628,12,7865,111203,15144,16599000
2629,3,1967,27987,14483,16599000
2630,3,1967,27987,14479,16599000
2631,3,1967,27987,14647,16600000
2632,3,1967,27987,6140,16607999
2633,6,3933,55739,4159,16608999
2634,3,1967,27987,5421,16608999
2635,3,1967,27987,5524,16608999
2636,3,1967,27987,5745,16608999
2637,3,1967,27987,4943,16608999
2638,3,1967,27987,4941,16608999
2639,3,1967,27987,5524,16608999
2640,12,7865,111203,5229,16608999
2641,3,1967,27987,5233,16608999
2642,3,1967,27987,5423,16608999
2643,6,3933,55739,5702,16608999
2644,3,1967,27987,5710,16608999
2645,3,1967,27987,5700,16608999
2646,3,1967,27987,5972,16608999
2647,3,1967,27987,5141,16608999
2648,3,1967,27987,4484,16608999
2649,3,1967,27987,4478,16608999
2650,3,1967,27987,5968,16608999
2651,3,1967,27987,5699,16608999
2652,3,1967,27987,4232,16609999
2653,3,1967,27987,4229,16609999
2654,3,1967,27987,4743,16609999
2655,3,1967,27987,4744,16609999
2656,3,1967,27987,4523,16609999
2657,3,1967,27987,4646,16609999
2658,3,1967,27987,4848,16609999
2659,3,1967,27987,4647,16609999
2660,3,1967,27987,4422,16609999
2661,3,1967,27987,4230,16609999
2662,3,1967,27987,3440,16609999
2663,3,1967,27987,4925,16609999
2664,3,1967,27987,4419,16609999
2665,3,1967,27987,4706,16609999
2666,3,1967,27987,4968,16609999
2667,3,1967,27987,4704,16609999
2668,3,1967,27987,3481,16609999
2669,3,1967,27987,4967,16609999
2670,3,1967,27987,4695,16609999
2671,3,1967,27987,4709,16609999
2672,3,1967,27987,4708,16609999
2673,3,1967,27987,4706,16609999
2674,3,1967,27987,4698,16609999
2675,3,1967,27987,4703,16609999
2676,3,1967,27987,4696,16609999
2677,3,1967,27987,4699,16609999
2678,3,1967,27987,3710,16610999
2679,3,1967,27987,3137,16610999
2680,3,1967,27987,2483,16610999
2681,3,1967,27987,3694,16610999
2682,3,1967,27987,3970,16610999
2683,3,1967,27987,2477,16610999
2684,12,7865,111203,3705,16610999
2685,12,7865,111203,3140,16610999
2686,3,1967,27987,3699,16610999
2687,3,1967,27987,3139,16610999
2688,3,1967,27987,3697,16610999
2689,12,7865,111203,3144,16610999
2690,3,1967,27987,4622,16610999
2691,3,1967,27987,3143,16610999
2692,3,1967,27987,3705,16610999
2693,12,7865,111203,3141,16610999
2694,3,1967,27987,2670,16610999
2695,3,1967,27987,3966,16610999
2696,3,1967,27987,3972,16610999
2697,3,1967,27987,3971,16610999
2698,3,1967,27987,2670,16610999
2699,3,1967,27987,2808,16610999
2700,3,1967,27987,3622,16612000
2701,12,7865,111203,2137,16612000
2702,3,1967,27987,2966,16612000
2703,1,383,9047,271185,16622000
2704,1,383,9047,271185,16622000
2705,1,640,4810,88933,16629000
2706,1,47,1408,41007,16688000
2707,1,640,4810,100321,16714999
2708,1,640,4810,107313,16738000
2709,1,640,4810,118609,16741000
2710,1,47,1408,80783,16810999
2711,1,383,9047,216973,16817999
2712,1,383,9047,216973,16817999
2713,1,765,14073,242954,16831999
2714,1,765,14073,242954,16831999
2715,1,765,14073,396840,16831999
2716,1,765,14073,396840,16831999
2717,1,192,4524,324118,16865000
2718,1,192,4524,324118,16865000
2719,1,192,4524,324118,16865000
2720,1,383,9047,563157,16867000
2721,1,383,9047,563157,16867000
2722,1,640,4810,90136,16874000
2723,1,383,9047,288013,16876999
2724,1,383,9047,288013,16876999
2725,1,383,9047,288013,16876999
2726,1,383,9047,156196,16876999
2727,1,383,9047,156196,16876999
2728,1,383,9047,156196,16876999
2729,1,383,9047,205237,16887000
2730,1,383,9047,135853,16897000
2731,1,383,9047,135853,16897000
2732,1,383,9047,135853,16897000
2733,1,383,9047,301117,16897000
2734,1,383,9047,301117,16897000
2735,1,383,9047,301117,16897000
2736,1,383,9047,301158,16897000
2737,1,383,9047,301158,16897000
2738,1,383,9047,301158,16897000
2739,1,640,4810,91059,16947000
2740,1,383,9047,174219,16961000
2741,1,383,9047,174219,16961000
2742,1,383,9047,174219,16961000
2743,1,383,9047,174219,16961000
2744,1,383,9047,512774,16983000
2745,1,383,9047,512774,16983000
2746,1,640,4810,108000,16992000
2747,3,1967,27987,14712,16992000
2748,3,1967,27987,15009,16992000
2749,3,1967,27987,14011,16993000
2750,3,1967,27987,6417,17001000
2751,3,1967,27987,4592,17001999
2752,3,1967,27987,5355,17001999
2753,3,1967,27987,4415,17001999
2754,3,1967,27987,5354,17001999
2755,3,1967,27987,3744,17001999
2756,3,1967,27987,4591,17001999
2757,3,1967,27987,4416,17001999
2758,3,1967,27987,4592,17001999
2759,3,1967,27987,4898,17001999
2760,3,1967,27987,4589,17001999
2761,12,7865,111203,4419,17001999
2762,3,1967,27987,3895,17001999
2763,3,1967,27987,3743,17001999
2764,3,1967,27987,4132,17001999
2765,6,3933,55739,5686,17001999
2766,3,1967,27987,3912,17001999
2767,3,1967,27987,5409,17001999
2768,3,1967,27987,4740,17001999
2769,3,1967,27987,5408,17001999
2770,3,1967,27987,4743,17001999
2771,3,1967,27987,5413,17001999
2772,3,1967,27987,5409,17001999
2773,3,1967,27987,4006,17002999
2774,3,1967,27987,3691,17002999
2775,3,1967,27987,4256,17002999
2776,3,1967,27987,3899,17002999
2777,3,1967,27987,3418,17002999
2778,3,1967,27987,2818,17002999
2779,3,1967,27987,2973,17002999
2780,12,7865,111203,3050,17002999
2781,3,1967,27987,4257,17002999
2782,3,1967,27987,3898,17002999
2783,3,1967,27987,2745,17002999
2784,3,1967,27987,3129,17002999
2785,3,1967,27987,4007,17002999
2786,3,1967,27987,4414,17002999
2787,3,1967,27987,4412,17002999
2788,12,7865,111203,3731,17002999
2789,3,1967,27987,3739,17002999
2790,3,1967,27987,4416,17002999
2791,3,1967,27987,2812,17002999
2792,12,7865,111203,3729,17002999
2793,3,1967,27987,3725,17002999
2794,3,1967,27987,4018,17002999
2795,3,1967,27987,4021,17002999
2796,3,1967,27987,4415,17002999
2797,3,1967,27987,3728,17002999
2798,3,1967,27987,3738,17002999
2799,3,1967,27987,3730,17002999
2800,3,1967,27987,3134,17002999
2801,3,1967,27987,2911,17002999
2802,3,1967,27987,3726,17002999
2803,3,1967,27987,3745,17002999
2804,12,7865,111203,2725,17003999
2805,3,1967,27987,3408,17003999
2806,12,7865,111203,2132,17003999
2807,3,1967,27987,2131,17003999
2808,3,1967,27987,2742,17003999
2809,3,1967,27987,2728,17003999
2810,3,1967,27987,3413,17003999
2811,3,1967,27987,3027,17003999
2812,3,1967,27987,2744,17003999
2813,3,1967,27987,3022,17003999
2814,3,1967,27987,3411,17003999
2815,3,1967,27987,3024,17003999
2816,12,7865,111203,3011,17003999
2817,3,1967,27987,3026,17003999
2818,3,1967,27987,2737,17003999
2819,6,3933,55739,2739,17003999
2820,3,1967,27987,2743,17003999
2821,3,1967,27987,3022,17003999
2822,3,1967,27987,3418,17003999
2823,3,1967,27987,3019,17003999
2824,3,1967,27987,2021,17005000
2825,3,1967,27987,2019,17005000
2826,3,1967,27987,2415,17005000
2827,3,1967,27987,2024,17005000
2828,12,7865,111203,2026,17005000
2829,3,1967,27987,2406,17005000
2830,1,640,4810,113761,17014000
2831,1,120,3092,69628,17065000
2832,1,47,1408,53438,17065000
2833,1,1280,8932,536251,17070999
2834,1,1280,8932,522730,17082000
2835,1,1280,8932,522731,17082000
2836,1,1280,8932,522732,17082000
2837,1,1280,8932,522733,17082000
2838,1,1280,8932,522736,17082000
2839,1,1280,8932,522737,17082000
2840,1,1280,8932,522737,17082000
2841,1,1280,8932,522738,17082000
2842,1,1280,8932,522739,17082000
2843,1,1280,8932,522742,17082000
2844,1,1280,8932,522743,17082000
2845,1,1280,8932,522744,17082000
2846,1,1280,8932,522744,17082000
2847,1,1280,8932,522745,17082000
2848,1,1280,8932,522747,17082000
2849,1,1280,8932,522749,17082000
2850,1,1280,8932,522750,17082000
2851,1,1280,8932,522750,17082000
2852,1,1280,8932,522751,17082000
2853,1,1280,8932,522753,17082000
2854,1,1280,8932,522754,17082000
2855,1,1280,8932,522756,17082000
2856,1,1280,8932,522757,17082000
2857,1,1280,8932,522757,17082000
2858,1,640,4810,94387,17114999
2859,1,383,9047,363657,17164999
2860,1,383,9047,363657,17164999
2861,1,192,4524,320404,17167999
2862,2,1120,30918,129907,17201999
2863,2,1120,30918,129907,17201999
2864,2,1120,30918,129907,17201999
2865,1,120,3092,69539,17208000
2866,1,47,1408,34022,17208000
2867,1,640,4810,109286,17210999
2868,1,120,3092,6403,17217999
2869,1,640,4810,113870,17258000
2870,2,1120,30918,105105,17258000
2871,2,1120,30918,105105,17258000
2872,2,1120,30918,105105,17258000
