0,1,4435,9046,63975,474
1,1,1268,1809,196530,1474
2,1,2535,2311,523067,4474
3,1,2535,2311,523067,4474
4,1,2218,2915,113185,8474
5,1,4435,5428,366460,12474
6,1,4435,5428,328591,12474
7,1,4435,5428,409376,13474
8,1,4435,5428,409376,13474
9,1,4435,9046,286007,21474
10,1,4435,9046,93731,21474
11,1,4435,5428,358603,23474
12,8,20273,13268,423665,24474
13,8,20273,13268,423665,24474
14,1,4435,5428,483768,24474
15,1,4435,9046,168493,31474
16,1,4435,5428,347351,33474
17,1,4435,9046,335342,33474
18,1,4435,9046,335342,33474
19,1,4435,9046,335343,33474
20,1,5069,3719,7346,34474
21,1,5069,3719,73276,35474
22,1,5069,3719,73276,35474
23,1,5069,3719,71301,37474
24,1,5069,3719,71301,37474
25,1,5069,3719,61362,37474
26,1,5069,3719,61362,37474
27,1,5069,3719,162712,38474
28,1,5069,3719,162712,38474
29,1,5069,3719,162712,38474
30,1,5069,3719,162712,38474
31,1,5069,3719,163730,38474
32,1,5069,3719,163730,38474
33,1,5069,3719,163874,38474
34,1,5069,3719,163874,38474
35,1,5069,3719,59568,39474
36,1,5069,3719,59568,39474
37,1,5069,3719,162142,39474
38,1,5069,3719,162142,39474
39,1,5069,3719,162666,39474
40,1,5069,3719,162666,39474
41,1,5069,3719,162666,39474
42,1,5069,3719,162666,39474
43,1,5069,3719,162384,39474
44,1,5069,3719,162384,39474
45,1,5069,3719,162384,39474
46,1,5069,3719,162384,39474
47,1,5069,3719,162640,39474
48,1,5069,3719,162640,39474
49,1,5069,3719,162246,39474
50,1,5069,3719,162246,39474
51,1,5069,3719,161954,40474
52,1,5069,3719,161954,40474
53,1,5069,3719,67910,40474
54,1,5069,3719,67910,40474
55,1,5069,3719,67642,40474
56,1,5069,3719,67642,40474
57,1,4435,5428,393516,45474
58,1,4435,5428,393516,45474
59,1,4435,5428,264527,46474
60,1,4435,5428,356663,47474
61,1,5069,3719,153952,48474
62,1,5069,3719,153952,48474
63,1,4435,5428,534489,51474
64,1,5069,3719,46295,52474
65,1,5069,3719,46295,52474
66,1,5069,3317,180755,54474
67,1,5069,3317,180756,54474
68,1,5069,3317,180757,54474
69,1,4435,5428,322200,54474
70,1,4435,5428,499510,55474
71,1,5069,3719,144971,57474
72,1,5069,3719,144971,57474
73,1,5069,3719,140308,61474
74,1,5069,3719,140308,61474
75,1,4435,5428,334679,61474
76,1,5069,3719,138972,63474
77,1,5069,3719,138972,63474
78,1,1268,1809,228980,64474
79,1,1268,1809,228980,64474
80,1,1268,1809,228981,64474
81,1,5069,3719,134199,67474
82,1,5069,3719,134199,67474
83,1,4435,9046,288900,67474
84,1,5069,3719,132496,69474
85,1,5069,3719,132496,69474
86,1,5069,3719,133806,69474
87,1,5069,3719,133806,69474
88,1,5069,3719,132211,70474
89,1,5069,3719,132211,70474
90,1,5069,3719,132211,70474
91,1,5069,3719,132211,70474
92,1,2218,2915,64454,72474
93,1,4435,5428,288761,73474
94,2,8870,10453,30273,76474
95,1,5069,3719,123523,79474
96,1,5069,3719,123523,79474
97,1,4435,9046,466322,82474
98,1,4435,9046,466322,82474
99,1,4435,9046,466322,82474
100,1,4435,9046,466322,82474
101,1,4435,9046,466324,82474
102,1,4435,9046,466324,82474
103,1,4435,9046,466324,82474
104,1,4435,9046,466324,82474
105,1,4435,5428,306680,82474
106,1,4435,5428,272876,87474
107,1,5069,3719,114560,88474
108,1,5069,3719,114560,88474
109,1,5069,3719,112956,88474
110,1,5069,3719,112956,88474
111,1,5069,3719,112012,89474
112,1,5069,3719,112012,89474
113,1,5069,3719,114214,89474
114,1,5069,3719,114214,89474
115,1,5069,3719,112875,89474
116,1,5069,3719,112875,89474
117,1,5069,3719,111957,89474
118,1,5069,3719,111957,89474
119,1,5069,3719,112582,90474
120,1,5069,3719,112582,90474
121,1,5069,3719,111358,91474
122,1,5069,3719,111358,91474
123,1,5069,3719,111775,91474
124,1,5069,3719,111775,91474
125,1,5069,3719,110263,91474
126,1,5069,3719,110263,91474
127,1,5069,3719,148962,91474
128,1,5069,3719,148962,91474
129,1,5069,3719,111803,91474
130,1,5069,3719,111803,91474
131,1,5069,3719,111387,91474
132,1,5069,3719,111387,91474
133,1,5069,3719,138275,91474
134,1,5069,3719,138275,91474
135,1,5069,3719,111143,91474
136,1,5069,3719,111143,91474
137,1,5069,3719,109959,91474
138,1,5069,3719,109959,91474
139,1,5069,3719,111806,91474
140,1,5069,3719,111806,91474
141,1,5069,3719,111520,91474
142,1,5069,3719,111520,91474
143,1,5069,3719,110641,91474
144,1,5069,3719,110641,91474
145,1,4435,5428,308615,91474
146,2,8870,14072,445188,94474
147,8,20273,16887,71981,95474
148,8,20273,16887,71986,95474
149,8,20273,16887,71989,95474
150,8,20273,16887,71992,95474
151,8,20273,16887,71993,95474
152,8,20273,16887,71994,95474
153,8,20273,16887,72000,95474
154,8,20273,16887,72003,95474
155,8,20273,16887,72007,95474
156,8,20273,16887,72007,95474
157,1,5069,3719,103904,97474
158,1,5069,3719,103904,97474
159,1,2218,2915,118971,100474
160,1,1268,1206,47217,103474
161,1,1268,1206,47217,103474
162,1,5069,3719,98199,104474
163,1,5069,3719,98199,104474
164,1,5069,3719,96840,104474
165,1,5069,3719,96840,104474
166,1,4435,9046,75491,105474
167,1,4435,9046,75491,105474
168,1,4435,9046,75491,105474
169,1,4435,9046,75491,105474
170,8,20273,16887,91619,105474
171,8,20273,16887,91627,105474
172,8,20273,16887,91627,105474
173,8,20273,16887,91628,105474
174,8,20273,16887,91635,105474
175,8,20273,16887,91642,105474
176,8,20273,16887,91649,105474
177,8,20273,16887,91651,105474
178,8,20273,16887,91652,105474
179,8,20273,16887,91655,105474
180,1,4435,5428,450665,106474
181,1,5069,3719,94804,108474
182,1,5069,3719,94804,108474
183,1,4435,5428,426217,109474
184,1,4435,5428,474723,110474
185,1,4435,5428,430916,112474
186,1,4435,5428,430916,112474
187,1,5069,4523,112658,113474
188,1,5069,3719,1849,113474
189,1,4435,5428,397103,113474
190,1,4435,5428,460351,113474
191,1,4435,5428,435119,114474
192,1,4435,5428,391845,117474
193,1,4435,5428,592389,119474
194,1,5069,4523,104401,121474
195,2,8870,14072,572944,129474
196,1,5069,3719,28742,133474
197,1,5069,3719,94065,135474
198,1,5069,3719,93431,136474
199,1,5069,3719,93431,136474
200,1,5069,3719,93431,136474
201,1,5069,3719,93431,136474
202,1,4435,9046,78600,136474
203,1,5069,4523,576612,137474
204,1,4435,5428,376953,137474
205,2,8870,14072,563001,139474
206,1,2218,4523,69640,143474
207,1,4435,9046,113783,149474
208,1,4435,9046,84694,150474
209,1,5069,3719,56254,153474
210,2,8870,14072,547919,154474
211,1,5069,3719,230222,158474
212,1,5069,3719,230222,158474
213,1,5069,3719,69151,160474
214,1,5069,3719,69151,160474
215,1,5069,3719,69149,160474
216,1,5069,3719,69149,160474
217,1,5069,3719,459750,160474
218,1,5069,3719,460309,160474
219,1,5069,3719,147738,161474
220,1,5069,3719,147738,161474
221,1,5069,3719,459249,161474
222,2,8870,14072,251470,163474
223,1,10137,4523,105830,164474
224,4,40545,26938,597876,164474
225,4,40545,26938,597876,164474
226,1,5069,3719,454108,166474
227,1,8870,9046,586545,166474
228,1,8870,9046,586546,166474
229,1,5069,3719,454129,166474
230,1,1268,2110,31014,167474
231,1,1268,2110,31014,167474
232,2,20273,13670,599747,168474
233,1,2218,2915,119383,169474
234,1,5069,3719,83280,173474
235,1,4435,5428,576822,177474
236,2,20273,13670,589742,178474
237,1,5069,3719,453372,179474
238,1,5069,3719,454528,179474
239,1,5069,3719,454400,179474
240,1,5069,3719,494605,180474
241,1,5069,3719,494605,180474
242,1,4435,9046,75866,183474
243,1,4435,9046,66621,183474
244,1,4435,9046,57618,184474
245,1,4435,9046,57618,184474
246,1,4435,9046,57618,184474
247,2,20273,13670,582747,185474
248,2,20273,13670,580749,187474
249,2,8870,14072,321786,188474
250,2,8870,14072,321786,188474
251,2,8870,14072,321786,188474
252,2,8870,14072,321786,188474
253,2,20273,13670,578769,189474
254,2,20273,13670,576772,191474
255,1,4435,9046,286145,193474
256,1,1268,1206,293841,196474
257,1,1268,1206,293841,196474
258,1,5069,4523,103192,196474
259,2,20273,13670,571743,196474
260,4,17739,24124,581070,197474
261,1,4435,9046,130108,197474
262,1,4435,9046,399324,197474
263,1,4435,9046,399324,197474
264,1,4435,9046,130202,197474
265,4,17739,24124,597891,198474
266,1,4435,5428,311409,198474
267,1,2218,4523,418795,201474
268,1,2218,4523,418797,201474
269,1,4435,9046,527457,201474
270,1,4435,5428,309188,201474
271,1,4435,9046,125719,203474
272,1,4435,9046,125719,203474
273,1,4435,9046,125719,203474
274,1,4435,9046,125719,203474
275,4,17739,24124,589598,205474
276,2,20273,13670,562748,205474
277,1,4435,5428,262777,205474
278,1,5069,4523,98455,205474
279,4,17739,24124,588570,206474
280,4,17739,24124,588573,206474
281,4,17739,24124,587197,207474
282,4,17739,24124,587197,207474
283,4,17739,24124,587197,207474
284,4,17739,24124,587197,207474
285,4,17739,24124,587204,207474
286,4,17739,24124,587204,207474
287,4,17739,24124,587204,207474
288,4,17739,24124,587204,207474
289,4,17739,24124,587816,207474
290,1,4435,5428,493435,208474
291,1,4435,5428,493435,208474
292,2,20273,13670,559771,208474
293,1,4435,9046,255385,209474
294,1,5069,4523,103831,210474
295,1,5069,3719,195085,210474
296,1,5069,3719,195085,210474
297,2,8870,14072,572660,210474
298,1,4435,9046,259302,210474
299,4,17739,24124,579513,215474
300,4,17739,24124,579520,215474
301,4,17739,24124,578487,216474
302,4,17739,24124,578491,216474
303,4,17739,24124,578542,216474
304,4,17739,24124,578543,216474
305,4,17739,24124,578549,216474
306,4,17739,24124,578550,216474
307,4,17739,24124,578313,216474
308,4,17739,24124,578315,216474
309,4,17739,24124,578335,216474
310,1,4435,9046,177299,219474
311,1,1268,1206,149216,222474
312,1,2218,2915,118997,222474
313,4,17739,24124,569510,225474
314,4,17739,24124,569536,225474
315,4,17739,24124,569569,225474
316,4,17739,24124,569575,225474
317,1,4435,9046,231973,229474
318,1,4435,9046,122648,229474
319,1,4435,9046,231975,229474
320,1,4435,9046,122710,229474
321,1,4435,9046,524610,234474
322,1,2218,2915,64560,234474
323,1,5069,4523,104700,236474
324,1,4435,9046,364039,238474
325,1,4435,9046,364039,238474
326,1,8870,5428,322994,238474
327,1,4435,5428,393120,238474
328,1,2218,2915,89240,240474
329,1,2218,2915,89240,240474
330,1,2218,2915,89240,240474
331,1,2218,2915,89240,240474
332,1,2218,2915,89312,240474
333,1,2218,2915,89312,240474
334,1,2218,2915,89312,240474
335,1,2218,2915,89312,240474
336,1,2218,2915,89358,240474
337,1,2218,2915,89358,240474
338,1,2218,2915,89358,240474
339,1,2218,2915,89358,240474
340,1,2535,2311,111635,241474
341,1,2535,2311,111644,241474
342,1,2535,2311,111639,241474
343,1,2535,2311,582585,243474
344,1,2535,2311,582585,243474
345,1,1268,2110,31023,245474
346,1,1268,2110,31023,245474
347,1,2218,2915,30572,247474
348,1,4435,9046,140043,249474
349,2,8870,10453,5347,250474
350,2,8870,10453,5347,250474
351,2,8870,10453,5347,250474
352,2,8870,10453,5347,250474
353,4,17739,24124,544953,251474
354,4,17739,24124,544955,251474
355,1,5069,4523,102798,252474
356,1,5069,4523,106905,252474
357,1,4435,5428,359031,259474
358,1,4435,5428,463635,260474
359,1,4435,9046,373400,262474
360,1,4435,9046,373400,262474
361,1,634,2110,591222,274474
362,1,634,2110,591222,274474
363,1,4435,9046,75101,282474
364,1,4435,5428,323098,282474
365,1,4435,5428,323098,282474
366,1,4435,5428,306669,282474
367,1,4435,5428,306669,282474
368,1,4435,5428,397925,283474
369,1,2218,2915,148407,289474
370,1,2218,2915,112273,292474
371,1,4435,5428,576488,297474
372,1,4435,9046,136394,300474
373,1,4435,5428,289841,306474
374,1,4435,5428,289841,306474
375,1,4435,9046,309859,307474
376,1,4435,9046,309859,307474
377,1,4435,9046,321731,307474
378,1,5069,3719,229787,308474
379,1,5069,3719,229787,308474
380,1,4435,5428,500716,308474
381,1,4435,9046,277357,312474
382,4,40545,26938,441497,320474
383,1,4435,5428,515833,322474
384,1,1268,2110,31158,323474
385,1,1268,2110,31158,323474
386,1,5069,3719,495511,323474
387,1,4435,9046,189287,324474
388,1,1268,1809,468340,325474
389,1,4435,5428,457686,325474
390,1,4435,5428,533829,330474
391,1,1268,1809,49320,332474
392,1,5069,3719,531569,334474
393,1,4435,5428,459234,343474
394,1,4435,5428,492619,346474
395,1,4435,5428,519832,347474
396,1,1268,1206,169375,349474
397,1,4435,9046,69284,351474
398,1,5069,3719,589612,354474
399,1,2218,2915,59465,355474
400,1,2218,2915,59465,355474
401,1,5069,4523,102573,355474
402,1,4435,9046,590243,357474
403,1,4435,9046,590243,357474
404,1,4435,9046,590243,357474
405,1,4435,9046,590243,357474
406,1,4435,9046,91455,357474
407,1,4435,9046,91455,357474
408,1,4435,9046,91455,357474
409,1,4435,9046,91455,357474
410,1,4435,9046,577406,358474
411,1,4435,9046,171120,362474
412,1,4435,9046,171120,362474
413,1,4435,9046,171120,362474
414,1,4435,9046,63207,362474
415,1,4435,9046,63207,362474
416,1,4435,9046,63207,362474
417,1,4435,9046,153491,373474
418,1,5069,4523,104009,375474
419,1,4435,9046,300522,379474
420,1,4435,9046,129203,380474
421,1,4435,9046,129203,380474
422,2,20273,13670,278784,383474
423,1,1268,1206,160902,384474
424,1,4435,5428,406353,384474
425,1,4435,9046,163143,385474
426,1,4435,9046,163143,385474
427,1,4435,9046,72194,385474
428,1,4435,9046,72194,385474
429,1,4435,5428,532157,385474
430,1,4435,5428,532157,385474
431,1,2218,2915,112664,388474
432,1,10137,4523,97658,391474
433,1,2218,4523,329806,392474
434,1,2218,4523,329806,392474
435,1,2218,4523,329806,392474
436,1,2218,2915,558234,392474
437,1,2218,2915,558234,392474
438,1,2218,2915,558347,392474
439,1,2218,2915,558347,392474
440,1,2218,2915,558134,392474
441,1,2218,2915,558134,392474
442,1,2218,2915,558186,392474
443,1,2218,2915,558186,392474
444,1,2218,2915,558348,392474
445,1,2218,2915,558348,392474
446,1,2218,2915,558300,392474
447,1,2218,2915,558300,392474
448,1,2218,2915,558135,392474
449,1,2218,2915,558135,392474
450,1,2218,2915,558188,392474
451,1,2218,2915,558188,392474
452,1,2218,2915,558235,392474
453,1,2218,2915,558235,392474
454,1,2218,2915,558136,392474
455,1,2218,2915,558136,392474
456,1,4435,9046,247646,392474
457,4,40545,26938,367107,394474
458,1,4435,9046,135520,397474
459,1,4435,9046,135520,397474
460,1,4435,9046,135520,397474
461,1,4435,9046,135520,397474
462,1,4435,5428,29306,397474
463,1,4435,5428,29306,397474
464,1,4435,9046,138113,400474
465,1,2218,2915,30295,401474
466,1,2535,2010,310062,405474
467,1,4435,5428,501772,406474
468,1,4435,5428,447460,408474
469,1,4435,5428,392104,414474
470,1,4435,5428,514575,423474
471,1,4435,9046,231311,425474
472,1,4435,5428,419457,425474
473,1,4435,5428,419457,425474
474,1,4435,9046,154446,425474
475,1,4435,9046,57086,425474
476,1,4435,9046,66133,427474
477,1,4435,9046,238845,428474
478,1,5069,4523,104699,433474
479,1,2535,2311,380261,438474
480,1,2535,2311,380261,438474
481,1,4435,5428,449678,443474
482,1,4435,5428,358762,444474
483,1,4435,5428,438611,447474
484,1,4435,5428,386521,447474
485,1,5069,4523,96033,447474
486,1,4435,5428,414318,449474
487,1,4435,5428,363870,449474
488,1,4435,5428,368399,450474
489,1,2218,2915,115418,451474
490,1,2218,2915,63889,452474
491,1,2535,2311,365260,453474
492,1,2535,2311,365259,453474
493,4,17739,24124,313245,454474
494,1,4435,9046,70174,456474
495,1,2535,2311,97210,458474
496,1,4435,9046,76325,460474
497,1,4435,9046,76325,460474
498,1,5069,4523,98808,469474
499,1,4435,9046,520922,469474
500,1,5069,2714,543854,469474
501,1,5069,2714,543854,469474
502,1,5069,2714,550414,469474
503,1,5069,2714,550414,469474
504,2,8870,14072,28431,476474
505,1,5069,4523,100149,479474
506,1,4435,9046,386089,482474
507,1,5069,4523,94999,482474
508,1,4435,9046,227441,489474
509,1,5069,4523,103582,491474
510,1,5069,2714,533899,492474
511,1,5069,2714,533899,492474
512,1,4435,5428,333773,492474
513,1,1268,1206,174846,492474
514,1,4435,5428,328631,493474
515,1,4435,5428,328631,493474
516,1,5069,3719,171884,493474
517,1,5069,3719,171884,493474
518,1,5069,3719,171884,493474
519,1,5069,3719,171884,493474
520,1,4435,5428,402720,495474
521,1,4435,5428,402720,495474
522,1,4435,5428,403812,495474
523,1,4435,5428,460749,495474
524,1,5069,2714,535523,497474
525,1,5069,2714,535523,497474
526,1,4435,5428,399844,498474
527,1,2218,4523,75447,498474
528,1,4435,5428,400462,498474
529,1,4435,5428,400086,498474
530,1,4435,5428,399947,498474
531,1,4435,5428,398415,499474
532,1,4435,5428,399227,499474
533,1,4435,5428,398824,500474
534,1,4435,5428,398436,500474
535,1,4435,9046,222226,503474
536,4,40545,26938,555755,504474
537,1,4435,5428,393118,504474
538,1,2535,2311,537675,507474
539,1,4435,5428,529106,507474
540,1,4435,5428,388327,509474
541,1,2535,2311,535080,510474
542,1,5069,4523,79469,511474
543,1,4435,5428,570828,513474
544,1,4435,9046,331327,513474
545,1,1268,2110,252043,514474
546,1,1268,2110,252043,514474
547,1,4435,9046,324706,514474
548,1,2218,2915,115748,514474
549,1,1268,2110,251137,515474
550,1,1268,2110,251137,515474
551,1,1268,2110,251369,515474
552,1,1268,2110,251369,515474
553,1,4435,9046,65209,519474
554,1,2218,4523,75219,520474
555,1,4435,5428,300663,520474
556,1,4435,9046,586425,523474
557,1,4435,9046,586425,523474
558,1,4435,9046,586425,523474
559,1,4435,9046,586425,523474
560,1,5069,4523,303757,528474
561,8,63488,44228,295216,531474
562,1,4435,9046,236333,533474
563,1,4435,9046,72760,544474
564,1,4435,9046,72760,544474
565,1,4435,9046,305057,544474
566,1,4435,9046,305057,544474
567,1,4435,5428,522738,547474
568,1,317,2110,549456,553474
569,1,317,2110,549456,553474
570,2,8870,14072,29157,553474
571,1,4435,5428,257956,553474
572,1,4435,9046,300585,555474
573,1,2535,2311,595329,555474
574,1,2535,2311,595329,555474
575,1,4435,5428,310534,557474
576,1,4435,5428,476024,559474
577,1,4435,9046,76274,565474
578,1,2218,2915,124300,567474
579,2,8870,10453,565192,573474
580,8,35477,40609,30530,580474
581,1,2218,2915,58949,581474
582,1,4435,5428,270159,581474
583,1,5069,2714,163639,585474
584,1,5069,2714,163639,585474
585,1,5069,2714,111635,585474
586,1,5069,2714,111635,585474
587,1,5069,2714,163640,585474
588,1,5069,2714,163640,585474
589,1,634,2110,592904,587474
590,1,634,2110,592904,587474
591,1,4435,9046,220311,592474
592,1,5069,4523,106937,593474
593,2,8870,14072,168054,598474
594,1,4435,5428,337773,599474
595,1,4435,9046,215685,600474
596,1,4435,5428,451372,600474
597,1,5069,4523,105765,602474
598,1,4435,5428,341392,603474
599,1,317,2110,539750,604474
600,1,317,2110,539750,604474
601,1,4435,5428,348211,604474
602,1,4435,5428,375758,605474
603,1,4435,5428,375454,606474
604,1,4435,9046,66184,607474
605,1,4435,9046,204531,607474
606,1,4435,5428,369408,608474
607,1,5069,4523,105918,609474
608,1,4435,9046,549350,612474
609,1,4435,9046,213556,617474
610,4,40545,26938,439786,620474
611,1,4435,5428,408499,621474
612,1,4435,9046,74903,624474
613,2,8870,14072,28399,626474
614,1,4435,9046,241600,631474
615,1,4435,5428,327178,632474
616,1,2218,2915,124574,633474
617,1,2218,4523,541759,634474
618,1,2218,4523,541759,634474
619,4,40545,26938,425841,634474
620,1,4435,9046,71319,636474
621,1,2218,4523,306300,637474
622,1,4435,9046,97001,640474
623,1,4435,9046,97002,640474
624,1,4435,5428,553091,645474
625,1,5069,3317,62183,651474
626,1,4435,9046,126825,654474
627,1,5069,3317,553096,654474
628,1,4435,5428,518784,655474
629,1,2218,2915,112720,662474
630,1,4435,9046,65457,663474
631,1,1268,1206,116478,669474
632,1,1268,1206,116478,669474
633,2,8870,14072,597356,671474
634,2,8870,14072,596360,672474
635,1,4435,9046,138465,674474
636,1,2218,4523,294177,680474
637,1,5069,4523,105048,681474
638,1,4435,9046,73483,688474
639,1,5069,3719,440290,688474
640,1,5069,3719,439591,688474
641,1,5069,3719,439811,688474
642,1,5069,3719,438638,689474
643,1,5069,3719,438639,689474
644,2,8870,14072,571316,697474
645,1,5069,4523,93796,698474
646,1,4435,9046,91714,700474
647,1,476,1809,44388,702474
648,1,476,1809,44326,702474
649,1,5069,3719,437843,705474
650,1,5069,3719,437845,705474
651,1,2218,2915,62820,705474
652,1,5069,3719,437375,705474
653,1,4435,5428,373229,707474
654,1,5069,4523,94992,708474
655,1,4435,9046,89746,708474
656,1,4435,5428,483607,711474
657,2,8870,10453,567628,712474
658,2,8870,10453,567628,712474
659,2,8870,10453,567628,712474
660,2,8870,10453,567628,712474
661,1,4435,9046,84708,712474
662,1,2218,4523,437211,718474
663,1,2218,4523,437212,718474
664,1,5069,3719,117031,719474
665,1,5069,3719,117031,719474
666,1,5069,3719,117031,719474
667,1,5069,3719,117031,719474
668,1,2218,2915,125049,725474
669,1,4435,5428,281491,728474
670,1,5069,4523,113768,730474
671,1,1268,1809,574779,734474
672,1,1268,1809,574781,734474
673,1,4435,5428,352941,737474
674,1,4435,5428,352941,737474
675,1,5069,4523,103496,737474
676,1,4435,5428,432881,742474
677,2,20273,13670,23771,744474
678,1,4435,5428,383044,748474
679,1,4435,9046,72829,748474
680,1,4435,9046,255932,755474
681,1,4435,9046,255932,755474
682,1,4435,9046,255932,755474
683,1,4435,9046,104525,756474
684,2,20273,13670,10221,758474
685,1,4435,5428,287537,765474
686,1,10137,4523,95303,767474
687,1,10137,4523,98319,767474
688,1,5069,3719,432345,769474
689,1,5069,3719,432345,769474
690,1,2218,2915,128836,782474
691,1,2218,2915,76317,789474
692,1,4435,9046,78739,790474
693,2,20273,13670,488639,791474
694,2,20273,13670,488639,791474
695,2,20273,13670,488639,791474
696,2,20273,13670,488639,791474
697,1,4435,5428,424131,794474
698,1,5069,3719,86536,797474
699,1,5069,3719,86536,797474
700,1,5069,3719,86536,797474
701,1,5069,3719,86536,797474
702,2,8870,10453,595692,799474
703,2,8870,10453,595692,799474
704,2,8870,10453,595692,799474
705,2,8870,10453,595692,799474
706,2,20273,13670,550710,800474
707,2,20273,13670,550710,800474
708,2,20273,13670,550710,800474
709,2,20273,13670,550710,800474
710,1,4435,9046,241525,802474
711,1,4435,9046,241525,802474
712,4,40545,26938,557051,804474
713,1,4435,9046,229977,808474
714,1,4435,5428,394041,812474
715,1,2535,2311,484631,813474
716,1,1268,1206,146511,821474
717,1,4435,9046,64934,821474
718,1,4435,9046,175137,821474
719,1,5069,3317,474638,823474
720,1,4435,5428,256229,824474
721,1,634,2110,41099,825474
722,1,634,2110,41099,825474
723,1,1268,1206,116311,831474
724,1,476,1809,6287,831474
725,1,2535,2311,491802,834474
726,1,2535,2311,464948,834474
727,2,8870,10453,460761,836474
728,1,4435,9046,214404,840474
729,1,4435,5428,515768,840474
730,1,4435,5428,322097,841474
731,2,8870,14072,446989,842474
732,1,4435,9046,102858,843474
733,1,4435,5428,458745,843474
734,1,4435,9046,106727,845474
735,1,4435,5428,368290,848474
736,1,4435,5428,477571,850474
737,1,4435,5428,312272,852474
738,1,4435,5428,546693,855474
739,1,2218,2915,119150,855474
740,1,5069,4523,106566,858474
741,1,4435,5428,376428,858474
742,1,317,2110,272923,861474
743,1,317,2110,272923,861474
744,1,4435,9046,596517,865474
745,1,4435,9046,596517,865474
746,1,4435,9046,596517,865474
747,1,4435,9046,596517,865474
748,1,5069,3719,171217,866474
749,1,5069,3719,171217,866474
750,1,4435,9046,223416,867474
751,1,4435,9046,554689,868474
752,1,5069,4523,110492,872474
753,4,35477,24124,576033,873474
754,1,4435,5428,484765,874474
755,2,8870,14072,50347,876474
756,1,4435,5428,342432,877474
757,4,40545,26938,481052,880474
758,8,35477,40609,30232,887474
759,8,35477,40609,30232,887474
760,1,4435,5428,481342,888474
761,1,4435,5428,572250,892474
762,2,8870,10453,555573,897474
763,1,4435,5428,321342,898474
764,1,4435,9046,70206,901474
765,4,35477,24124,571887,907474
766,4,35477,24124,571887,907474
767,4,35477,24124,571888,907474
768,4,35477,24124,571888,907474
769,1,4435,9046,69909,907474
770,1,476,1809,16642,913474
771,1,476,1809,16644,913474
772,1,2218,2915,74406,915474
773,1,634,2110,577664,916474
774,1,634,2110,577664,916474
775,1,5069,4523,100354,917474
776,1,2218,2915,115553,920474
777,1,4435,5428,304777,927474
778,1,4435,9046,61922,928474
779,1,4435,9046,136004,929474
780,1,4435,5428,501923,933474
781,1,2218,2915,16349,934474
782,1,2218,2915,16349,934474
783,1,2218,2915,16189,934474
784,1,2218,2915,16189,934474
785,1,2218,2915,16237,934474
786,1,2218,2915,16237,934474
787,1,2218,2915,16301,934474
788,1,2218,2915,16301,934474
789,1,2218,2915,16136,934474
790,1,2218,2915,16136,934474
791,1,2218,2915,16191,934474
792,1,2218,2915,16191,934474
793,1,2218,2915,16237,934474
794,1,2218,2915,16237,934474
795,1,2218,2915,16301,934474
796,1,2218,2915,16301,934474
797,1,2218,2915,16350,934474
798,1,2218,2915,16350,934474
799,1,2218,2915,16191,934474
800,1,2218,2915,16191,934474
801,1,4435,5428,542264,934474
802,1,634,2110,516464,936474
803,1,634,2110,516464,936474
804,1,4435,5428,376095,941474
805,1,1268,2110,251779,944474
806,1,1268,2110,251779,944474
807,1,1268,2110,252278,944474
808,1,1268,2110,252278,944474
809,1,1268,2110,252060,944474
810,1,1268,2110,252060,944474
811,1,5069,4523,99138,945474
812,4,40545,26938,415960,947474
813,1,4435,5428,327220,948474
814,1,4435,9046,355927,949474
815,1,4435,5428,345609,950474
816,1,5069,4523,98363,950474
817,1,1268,1206,170901,951474
818,1,4435,5428,490957,953474
819,1,5069,4523,97191,957474
820,1,5069,3317,411011,957474
821,1,2218,2915,30866,963474
822,2,8870,14072,129204,964474
823,1,1268,1809,514626,965474
824,1,5069,3719,100176,966474
825,1,4435,9046,540859,967474
826,1,5069,3719,2151,967474
827,1,4435,5428,424789,970474
828,1,4435,5428,348071,971474
829,1,4435,5428,437854,972474
830,1,5069,4523,94698,977474
831,1,4435,9046,222566,978474
832,1,4435,5428,500779,978474
833,1,4435,9046,103361,979474
834,1,5069,4523,119470,981474
835,1,1268,1206,162901,983474
836,4,40545,26938,377145,984474
837,1,4435,5428,498043,985474
838,1,2218,2915,114856,987474
839,1,5069,3719,27844,987474
840,4,40545,26938,369228,992474
841,1,1268,1809,244727,993474
842,1,1268,1206,203709,993474
843,1,4435,9046,145553,996474
844,1,4435,5428,445900,998474
845,1,4435,5428,445900,998474
846,1,5069,3719,63225,999474
847,1,5069,3719,63225,999474
848,1,4435,5428,363218,1000474
849,1,476,1809,16588,1005474
850,1,476,1809,16589,1005474
851,1,4435,9046,224983,1006474
852,1,4435,5428,377825,1008474
853,2,20273,13670,246316,1008474
854,1,2218,2915,112171,1018474
855,1,5069,3719,120524,1019474
856,1,4435,9046,225716,1022474
857,1,4435,9046,225716,1022474
858,1,4435,9046,225716,1022474
859,1,4435,9046,85102,1033474
860,1,5069,3317,99507,1037474
861,1,5069,2714,573797,1039474
862,1,5069,2714,573797,1039474
863,2,8870,10453,30643,1040474
864,1,476,1809,39847,1045474
865,1,476,1809,38816,1048474
866,1,476,1809,53938,1049474
867,1,476,1809,54282,1049474
868,1,5069,2714,575473,1050474
869,1,5069,2714,575473,1050474
870,1,5069,2714,569124,1050474
871,1,5069,2714,569124,1050474
872,1,2218,2915,67212,1050474
873,1,4435,5428,332836,1051474
874,1,4435,9046,248607,1053474
875,1,2218,4523,317580,1056474
876,1,2218,4523,317580,1056474
877,1,2218,4523,317580,1056474
878,1,5069,2714,575907,1056474
879,1,5069,2714,575907,1056474
880,1,4435,9046,227301,1057474
881,1,2218,2915,121445,1072474
882,1,4435,9046,156594,1079474
883,1,4435,9046,346557,1081474
884,1,4435,5428,493379,1082474
885,1,4435,9046,87703,1091474
886,1,1268,1206,177442,1091474
887,1,2218,4523,61099,1101474
888,1,4435,5428,350715,1101474
889,1,5069,3317,71617,1106474
890,1,5069,3317,71619,1106474
891,1,5069,3317,71620,1106474
892,1,4435,9046,270128,1110474
893,1,5069,3719,3111,1114474
894,1,2535,2311,91466,1115474
895,1,2535,2311,91466,1115474
896,8,20273,13268,410744,1117474
897,1,4435,9046,104947,1119474
898,4,40545,26938,540581,1121474
899,1,4435,9046,100156,1124474
900,1,4435,9046,228865,1139474
901,1,2218,2915,131317,1141474
902,8,63488,44228,216012,1143474
903,1,2218,2915,64699,1144474
904,1,5069,4523,107254,1145474
905,1,5069,4523,100349,1145474
906,8,20273,13268,396677,1146474
907,8,20273,13268,396677,1146474
908,2,8870,10453,562099,1147474
909,2,8870,10453,560098,1149474
910,1,2218,2915,417347,1150474
911,1,2218,2915,417347,1150474
912,4,35477,24124,299034,1150474
913,2,20273,14072,439290,1150474
914,1,4435,5428,448376,1152474
915,1,5069,3719,7108,1158474
916,1,5069,3719,7108,1158474
917,1,4435,5428,419910,1162474
918,1,5069,3719,474509,1163474
919,2,8870,14072,54441,1164474
920,1,4435,9046,251803,1166474
921,1,4435,9046,92740,1166474
922,1,5069,3719,468923,1169474
923,1,5069,3719,468471,1169474
924,1,5069,3719,468689,1169474
925,4,40545,26938,491858,1169474
926,1,4435,9046,214849,1170474
927,1,5069,4523,111044,1171474
928,1,4435,5428,308904,1172474
929,1,4435,5428,308904,1172474
930,1,5069,3719,457727,1180474
931,1,5069,3719,471923,1181474
932,1,5069,3719,471061,1181474
933,1,4435,9046,124666,1183474
934,1,10137,4523,101068,1184474
935,1,476,1809,6698,1185474
936,1,5069,4523,98136,1186474
937,1,5069,3719,466161,1186474
938,1,476,1809,6306,1187474
939,1,2218,4523,317915,1189474
940,1,4435,5428,268293,1192474
941,1,4435,5428,268293,1192474
942,1,2218,2915,30451,1194474
943,1,4435,9046,246840,1196474
944,1,4435,9046,246840,1196474
945,1,4435,9046,246840,1196474
946,1,4435,5428,329519,1196474
947,1,4435,9046,87845,1196474
948,1,4435,5428,333060,1197474
949,1,4435,9046,69451,1205474
950,1,4435,9046,69451,1205474
951,1,4435,9046,69451,1205474
952,1,4435,9046,69451,1205474
953,1,2218,4523,54217,1206474
954,1,5069,3719,4980,1208474
955,1,5069,3719,92483,1209474
956,1,4435,5428,300850,1210474
957,1,4435,5428,327388,1212474
958,1,5069,4523,94530,1213474
959,1,4435,9046,226106,1219474
960,1,4435,5428,411547,1221474
961,1,2218,4523,326484,1224474
962,1,4435,9046,244422,1226474
963,1,4435,9046,244422,1226474
964,1,4435,9046,175684,1226474
965,1,4435,9046,175684,1226474
966,1,4435,5428,340165,1226474
967,1,4435,5428,340165,1226474
968,1,2218,2915,120581,1227474
969,4,40545,26938,432469,1229474
970,1,634,2110,563269,1230474
971,1,634,2110,563269,1230474
972,1,2535,2311,50220,1236474
973,1,2535,2311,50220,1236474
974,1,2535,2311,50220,1236474
975,1,2535,2311,50220,1236474
976,1,4435,5428,569489,1238474
977,1,5069,4523,97209,1243474
978,1,5069,4523,104967,1250474
979,1,4435,5428,592704,1252474
980,2,8870,10453,584682,1258474
981,1,5069,3719,2238,1259474
982,1,4435,5428,590586,1260474
983,1,4435,9046,388077,1260474
984,2,8870,10453,580792,1262474
985,1,476,1809,22133,1266474
986,1,476,1809,22133,1266474
987,1,476,1809,16508,1268474
988,1,476,1809,16509,1268474
989,1,4435,9046,65946,1269474
990,1,4435,9046,65946,1269474
991,1,2218,2915,118920,1269474
992,1,1268,1206,215986,1270474
993,1,5069,4523,90761,1273474
994,4,17739,24124,529481,1275474
995,4,17739,24124,529482,1275474
996,1,4435,5428,389434,1275474
997,1,4435,5428,389434,1275474
998,1,4435,5428,389297,1275474
999,1,4435,5428,389187,1275474
1000,1,4435,5428,388369,1275474
1001,1,4435,5428,391003,1275474
1002,1,4435,5428,389628,1275474
1003,1,4435,5428,389152,1276474
1004,1,4435,5428,386979,1277474
1005,1,4435,5428,386979,1277474
1006,1,4435,5428,388019,1277474
1007,1,4435,5428,385187,1279474
1008,1,4435,5428,437898,1281474
1009,1,4435,5428,437898,1281474
1010,1,4435,5428,383296,1281474
1011,1,4435,5428,382903,1281474
1012,1,4435,5428,361029,1284474
1013,1,4435,9046,570336,1284474
1014,1,4435,5428,537940,1285474
1015,1,2218,2915,75827,1287474
1016,1,4435,9046,58342,1292474
1017,1,5069,3719,143314,1295474
1018,1,5069,3719,143314,1295474
1019,1,5069,3719,143314,1295474
1020,1,5069,3719,143314,1295474
1021,1,5069,3719,143652,1295474
1022,1,5069,3719,143652,1295474
1023,1,5069,3719,143652,1295474
1024,1,5069,3719,143652,1295474
1025,1,4435,9046,94532,1295474
1026,1,4435,5428,379447,1301474
1027,1,2218,4523,420852,1303474
1028,4,40545,26938,357012,1304474
1029,4,35477,20505,549787,1309474
1030,1,4435,9046,165669,1318474
1031,1,476,1809,31872,1320474
1032,1,4435,9046,84838,1324474
1033,1,4435,9046,401330,1325474
1034,1,5069,3719,111403,1327474
1035,1,5069,3719,111403,1327474
1036,1,1268,1809,212904,1327474
1037,1,5069,4523,575663,1328474
1038,1,5069,4523,575664,1328474
1039,1,4435,5428,274423,1328474
1040,1,10137,4523,97246,1335474
1041,1,2218,2915,118215,1336474
1042,1,5069,3719,348259,1340474
1043,1,5069,3719,348259,1340474
1044,1,4435,9046,523682,1344474
1045,1,2218,4523,317191,1345474
1046,1,476,1809,45588,1347474
1047,1,476,1809,50697,1347474
1048,1,476,1809,55805,1347474
1049,1,5069,3719,360538,1352474
1050,1,4435,5428,415715,1352474
1051,1,4435,9046,76020,1355474
1052,1,4435,9046,76020,1355474
1053,1,5069,4523,575081,1363474
1054,1,5069,4523,575082,1363474
1055,1,5069,4523,575082,1363474
1056,1,5069,4523,575083,1363474
1057,1,476,1809,16404,1369474
1058,1,476,1809,16405,1369474
1059,1,476,1809,27295,1372474
1060,1,476,1809,27296,1372474
1061,1,4435,9046,49690,1373474
1062,1,1268,2110,251472,1374474
1063,1,1268,2110,251472,1374474
1064,1,1268,2110,251546,1374474
1065,1,1268,2110,251546,1374474
1066,1,1268,2110,250717,1375474
1067,1,1268,2110,250717,1375474
1068,1,4435,5428,268827,1376474
1069,1,2218,2915,115531,1376474
1070,1,5069,3719,111795,1378474
1071,1,5069,3719,111795,1378474
1072,1,5069,3719,111795,1378474
1073,1,5069,3719,111795,1378474
1074,1,5069,3719,111708,1378474
1075,1,5069,3719,111708,1378474
1076,1,5069,3719,111708,1378474
1077,1,5069,3719,111708,1378474
1078,1,5069,3719,110525,1379474
1079,1,5069,3719,110525,1379474
1080,1,5069,3719,110525,1379474
1081,1,5069,3719,110525,1379474
1082,1,5069,3719,110707,1379474
1083,1,5069,3719,110707,1379474
1084,1,5069,3719,110707,1379474
1085,1,5069,3719,110707,1379474
1086,1,5069,3719,110520,1379474
1087,1,5069,3719,110520,1379474
1088,1,5069,3719,110520,1379474
1089,1,5069,3719,110520,1379474
1090,1,5069,3719,109607,1380474
1091,1,5069,3719,109607,1380474
1092,1,5069,3719,109607,1380474
1093,1,5069,3719,109607,1380474
1094,1,5069,4523,101824,1382474
1095,1,2218,2915,22957,1383474
1096,1,2218,2915,22957,1383474
1097,1,2218,2915,22958,1383474
1098,1,2218,2915,22958,1383474
1099,1,2218,2915,22959,1383474
1100,1,2218,2915,22959,1383474
1101,1,2218,2915,22960,1383474
1102,1,2218,2915,22960,1383474
1103,1,2218,2915,22961,1383474
1104,1,2218,2915,22961,1383474
1105,1,2218,2915,22962,1383474
1106,1,2218,2915,22962,1383474
1107,1,2218,2915,22962,1383474
1108,1,2218,2915,22962,1383474
1109,1,2218,2915,22963,1383474
1110,1,2218,2915,22963,1383474
1111,1,2218,2915,22964,1383474
1112,1,2218,2915,22964,1383474
1113,1,2218,2915,22965,1383474
1114,1,2218,2915,22965,1383474
1115,1,5069,4523,99225,1387474
1116,1,476,1809,53458,1390474
1117,1,476,1809,53459,1390474
1118,1,476,1809,88490,1390474
1119,1,476,1809,88490,1390474
1120,1,476,1809,88491,1390474
1121,1,476,1809,88492,1390474
1122,1,4435,5428,292760,1396474
1123,1,4435,5428,292760,1396474
1124,1,2218,2915,67500,1402474
1125,1,4435,9046,75958,1412474
1126,1,5069,4523,106364,1413474
1127,1,4435,9046,143691,1414474
1128,1,5069,3719,316918,1420474
1129,1,1268,1206,144650,1423474
1130,1,5069,4523,96603,1426474
1131,1,4435,9046,78361,1430474
1132,1,4435,9046,249348,1431474
1133,1,4435,9046,249348,1431474
1134,1,4435,9046,249348,1431474
1135,1,4435,9046,249348,1431474
1136,1,4435,9046,147704,1432474
1137,1,4435,9046,147704,1432474
1138,1,4435,9046,147704,1432474
1139,1,4435,9046,147704,1432474
1140,1,2218,2915,117905,1440474
1141,1,2535,2311,202327,1441474
1142,1,2535,2311,202327,1441474
1143,1,4435,5428,292552,1442474
1144,1,4435,5428,292552,1442474
1145,1,4435,5428,203890,1442474
1146,1,476,1809,35489,1443474
1147,1,4435,5428,378252,1443474
1148,1,4435,5428,200919,1445474
1149,1,4435,5428,200919,1445474
1150,1,4435,9046,235983,1445474
1151,1,5069,3719,464511,1446474
1152,1,5069,3719,464511,1446474
1153,1,4435,5428,450210,1446474
1154,1,4435,5428,283909,1446474
1155,2,20273,5126,113504,1449474
1156,2,20273,5126,113504,1449474
1157,1,4435,9046,272945,1450474
1158,1,4435,5428,526273,1455474
1159,1,5069,4523,101202,1457474
1160,1,2218,4523,60305,1459474
1161,1,4435,5428,266491,1460474
1162,1,4435,5428,266491,1460474
1163,1,5069,4523,104597,1472474
1164,1,4435,9046,105319,1473474
1165,1,4435,9046,236050,1478474
1166,1,5069,4523,98474,1479474
1167,4,35477,24124,417503,1484474
1168,4,35477,24124,417503,1484474
1169,4,35477,24124,417504,1484474
1170,4,35477,24124,417504,1484474
1171,1,2218,4523,54510,1484474
1172,1,4435,9046,99432,1488474
1173,1,4435,9046,99432,1488474
1174,1,4435,9046,99432,1488474
1175,1,4435,9046,99432,1488474
1176,2,8870,14072,413119,1488474
1177,2,8870,14072,413120,1488474
1178,1,5069,4523,107781,1488474
1179,1,4435,5428,267604,1490474
1180,2,8870,14072,54095,1490474
1181,1,5069,3719,384059,1499474
1182,1,5069,3719,384059,1499474
1183,1,4435,9046,77145,1499474
1184,1,4435,9046,277588,1500474
1185,1,4435,9046,137462,1501474
1186,1,2218,2915,67139,1506474
1187,1,4435,5428,379150,1507474
1188,1,4435,9046,500933,1507474
1189,1,4435,9046,203025,1508474
1190,1,4435,5428,308565,1508474
1191,1,4435,9046,220134,1509474
1192,1,5069,3719,385335,1511474
1193,1,5069,3719,385335,1511474
1194,1,5069,3719,385335,1511474
1195,1,5069,3719,385335,1511474
1196,1,4435,9046,408278,1511474
1197,1,4435,5428,390617,1515474
1198,1,2218,2915,115699,1515474
1199,1,4435,5428,492509,1518474
1200,1,4435,5428,295952,1523474
1201,1,4435,5428,340699,1524474
1202,1,634,2110,576435,1530474
1203,1,634,2110,576435,1530474
1204,1,4435,9046,65988,1531474
1205,1,4435,9046,60658,1533474
1206,1,4435,9046,216845,1533474
1207,1,1268,1809,529882,1535474
1208,1,4435,5428,507127,1535474
1209,1,4435,5428,449367,1536474
1210,1,4435,9046,67908,1544474
1211,1,1268,1206,176111,1549474
1212,2,8870,10453,548055,1550474
1213,1,5069,3317,479962,1550474
1214,2,8870,10453,547604,1550474
1215,1,4435,9046,250531,1552474
1216,1,4435,9046,483683,1554474
1217,1,4435,5428,351220,1558474
1218,1,4435,9046,106541,1562474
1219,1,4435,5428,109566,1567474
1220,1,2218,2915,122006,1572474
1221,1,4435,9046,60575,1578474
1222,1,4435,5428,307179,1579474
1223,1,2218,4523,138950,1581474
1224,1,4435,9046,373705,1583474
1225,1,4435,9046,219948,1584474
1226,1,4435,9046,219948,1584474
1227,1,1268,1206,158987,1584474
1228,1,4435,9046,88361,1586474
1229,2,8870,14072,282521,1591474
1230,1,4435,9046,209353,1598474
1231,1,2218,4523,66828,1598474
1232,4,40545,26938,361337,1600474
1233,4,40545,26938,361337,1600474
1234,2,8870,14072,74311,1602474
1235,1,4435,9046,195691,1605474
1236,1,476,1809,29284,1615474
1237,1,4435,5428,332222,1620474
1238,1,2218,2915,115357,1622474
1239,1,2218,2915,115357,1622474
1240,1,4435,9046,72456,1625474
1241,1,4435,5428,443507,1631474
1242,1,4435,9046,171950,1632474
1243,1,4435,9046,171950,1632474
1244,1,5069,4523,104687,1634474
1245,1,5069,2714,576677,1636474
1246,1,5069,2714,576677,1636474
1247,1,5069,4523,110331,1638474
1248,1,4435,9046,271075,1641474
1249,1,476,1809,56922,1644474
1250,1,2218,2915,64292,1645474
1251,1,4435,9046,550698,1664474
1252,1,5069,4523,107086,1671474
1253,1,5069,3719,471463,1676474
1254,1,5069,3719,472130,1676474
1255,1,5069,3719,471951,1676474
1256,1,5069,3719,466651,1681474
1257,1,4435,9046,85178,1682474
1258,1,5069,3719,221293,1684474
1259,1,5069,3719,221293,1684474
1260,1,5069,3719,221293,1684474
1261,1,5069,3719,221293,1684474
1262,2,8870,10453,549617,1685474
1263,1,2218,2915,121691,1685474
1264,1,4435,9046,76104,1686474
1265,1,5069,3719,460443,1687474
1266,2,8870,10453,546615,1688474
1267,1,5069,3719,470978,1691474
1268,1,5069,3719,470978,1691474
1269,8,20273,13268,406727,1691474
1270,1,5069,4523,94740,1694474
1271,1,5069,3719,466181,1696474
1272,1,5069,3719,466181,1696474
1273,1,5069,3719,466608,1696474
1274,1,5069,3719,466608,1696474
1275,1,5069,2714,523475,1702474
1276,1,5069,2714,523475,1702474
1277,1,5069,2714,516145,1703474
1278,1,5069,2714,516145,1703474
1279,1,5069,2714,529099,1703474
1280,1,5069,2714,529099,1703474
1281,1,5069,3719,78237,1708474
1282,1,5069,3719,78237,1708474
1283,1,5069,3719,75292,1711474
1284,1,5069,3719,75292,1711474
1285,1,5069,3719,75292,1711474
1286,1,5069,3719,75292,1711474
1287,1,5069,3719,75371,1711474
1288,1,5069,3719,75371,1711474
1289,1,5069,3719,75371,1711474
1290,1,5069,3719,75371,1711474
1291,1,5069,3719,75072,1711474
1292,1,5069,3719,75072,1711474
1293,1,5069,3719,75072,1711474
1294,1,5069,3719,75072,1711474
1295,1,4435,9046,301004,1712474
1296,1,4435,5428,435341,1712474
1297,1,4435,5428,570200,1713474
1298,1,4435,9046,174771,1714474
1299,1,4435,9046,174771,1714474
1300,1,4435,9046,174771,1714474
1301,1,4435,9046,72579,1714474
1302,1,4435,9046,72579,1714474
1303,1,4435,9046,72579,1714474
1304,1,5069,4523,101644,1720474
1305,2,20273,13670,176381,1722474
1306,1,1268,1206,150872,1725474
1307,1,1268,1206,150872,1725474
1308,1,4435,9046,93239,1726474
1309,1,4435,9046,93239,1726474
1310,1,4435,9046,93239,1726474
1311,1,4435,9046,93239,1726474
1312,1,4435,9046,561311,1726474
1313,1,2218,2915,114939,1726474
1314,1,5069,4523,108143,1727474
1315,1,4435,9046,538330,1731474
1316,4,40545,26938,103096,1731474
1317,4,40545,26938,103096,1731474
1318,8,63488,44228,284447,1733474
1319,1,5069,3317,558287,1743474
1320,2,8870,14072,51731,1743474
1321,2,8870,14072,394668,1743474
1322,1,10137,4523,96777,1746474
1323,1,10137,4523,101168,1748474
1324,1,4435,9046,76067,1749474
1325,1,4435,9046,76067,1749474
1326,1,4435,9046,274515,1749474
1327,1,4435,9046,274515,1749474
1328,1,4435,5428,297246,1751474
1329,1,2218,2915,70944,1751474
1330,1,4435,9046,103308,1752474
1331,1,10137,7036,272677,1757474
1332,1,10137,7036,272677,1757474
1333,1,4435,9046,197101,1757474
1334,1,4435,5428,450299,1770474
1335,1,4435,5428,450299,1770474
1336,1,4435,5428,326557,1770474
1337,1,4435,5428,326557,1770474
1338,2,8870,14072,191990,1776474
1339,4,40545,26938,483141,1778474
1340,4,40545,26938,483141,1778474
1341,1,4435,9046,549285,1781474
1342,1,2218,2915,122245,1782474
1343,1,2218,2915,122245,1782474
1344,1,4435,9046,53938,1792474
1345,1,4435,9046,53938,1792474
1346,2,8870,10453,351939,1793474
1347,1,634,2110,234439,1794474
1348,1,634,2110,234439,1794474
1349,1,4435,9046,140433,1799474
