0,4,17739,20505,40275,9999
1,4,17739,20505,40276,9999
2,4,17739,20505,39274,10999
3,4,17739,20505,39275,10999
4,4,17739,20505,50724,15000
5,4,17739,20505,50724,15000
6,1,4435,9046,56588,16000
7,2,8870,10453,10056,22000
8,2,8870,10453,10056,22000
9,2,8870,10453,10056,22000
10,2,8870,10453,10056,22000
11,8,20273,13268,16584,22000
12,8,20273,13268,16584,22000
13,8,20273,13268,16584,22000
14,8,20273,13268,16584,22000
15,8,20273,13268,2194,42999
16,8,20273,13268,2194,42999
17,8,20273,13268,2194,42999
18,8,20273,13268,2194,42999
19,2,17739,14072,46928,46000
20,1,5069,2714,10771,55999
21,1,5069,2714,10771,55999
22,1,2535,2311,5848,64999
23,1,2535,2311,5848,64999
24,1,317,2110,40982,109999
25,1,476,1809,44691,159999
26,2,8870,14072,48622,197999
27,2,8870,10453,17498,198999
28,2,8870,10453,17498,198999
29,2,8870,10453,17498,198999
30,2,8870,10453,17498,198999
31,1,476,1809,50484,200000
32,1,476,1809,55593,200000
33,1,476,1809,54357,247000
34,1,476,1809,54357,247000
35,1,476,1809,59465,247000
36,1,476,1809,59465,247000
37,8,20273,13268,30383,285999
38,8,20273,13268,30383,285999
39,8,20273,13268,30383,285999
40,8,20273,13268,30383,285999
41,8,20273,13268,30384,285999
42,8,20273,13268,30384,285999
43,8,20273,13268,30384,285999
44,8,20273,13268,30384,285999
45,8,20273,13268,30384,285999
46,8,20273,13268,30384,285999
47,8,20273,13268,30384,285999
48,8,20273,13268,30384,285999
49,8,20273,13268,30385,285999
50,8,20273,13268,30385,285999
51,8,20273,13268,30385,285999
52,8,20273,13268,30385,285999
53,8,20273,13268,30388,285999
54,8,20273,13268,30388,285999
55,8,20273,13268,30388,285999
56,8,20273,13268,30388,285999
57,8,20273,13268,30396,285999
58,8,20273,13268,30396,285999
59,8,20273,13268,30396,285999
60,8,20273,13268,30396,285999
61,8,20273,13268,30398,285999
62,8,20273,13268,30398,285999
63,8,20273,13268,30398,285999
64,8,20273,13268,30398,285999
65,8,20273,13268,30405,285999
66,8,20273,13268,30405,285999
67,8,20273,13268,30405,285999
68,8,20273,13268,30405,285999
69,8,20273,13268,30406,285999
70,8,20273,13268,30406,285999
71,8,20273,13268,30406,285999
72,8,20273,13268,30406,285999
73,1,476,1809,45900,299999
74,1,476,1809,45901,299999
75,8,20273,13268,40048,329999
76,8,20273,13268,40048,329999
77,8,20273,13268,40048,329999
78,8,20273,13268,40048,329999
79,8,20273,13268,40048,329999
80,8,20273,13268,40048,329999
81,8,20273,13268,40048,329999
82,8,20273,13268,40048,329999
83,8,20273,13268,40050,329999
84,8,20273,13268,40050,329999
85,8,20273,13268,40050,329999
86,8,20273,13268,40050,329999
87,8,20273,13268,40060,329999
88,8,20273,13268,40060,329999
89,8,20273,13268,40060,329999
90,8,20273,13268,40060,329999
91,8,20273,13268,40061,329999
92,8,20273,13268,40061,329999
93,8,20273,13268,40061,329999
94,8,20273,13268,40061,329999
95,8,20273,13268,40062,329999
96,8,20273,13268,40062,329999
97,8,20273,13268,40062,329999
98,8,20273,13268,40062,329999
99,8,20273,13268,40063,329999
100,8,20273,13268,40063,329999
101,8,20273,13268,40063,329999
102,8,20273,13268,40063,329999
103,8,20273,13268,40065,329999
104,8,20273,13268,40065,329999
105,8,20273,13268,40065,329999
106,8,20273,13268,40065,329999
107,8,20273,13268,40068,329999
108,8,20273,13268,40068,329999
109,8,20273,13268,40068,329999
110,8,20273,13268,40068,329999
111,1,4435,9046,56603,337999
112,1,2218,4523,54667,365999
113,1,4435,9046,53292,376999
114,8,20273,13268,41616,390999
115,8,20273,13268,41616,390999
116,8,20273,13268,41616,390999
117,8,20273,13268,41616,390999
118,8,20273,13268,41617,390999
119,8,20273,13268,41617,390999
120,8,20273,13268,41617,390999
121,8,20273,13268,41617,390999
122,8,20273,13268,41619,390999
123,8,20273,13268,41619,390999
124,8,20273,13268,41619,390999
125,8,20273,13268,41619,390999
126,8,20273,13268,41620,390999
127,8,20273,13268,41620,390999
128,8,20273,13268,41620,390999
129,8,20273,13268,41620,390999
130,8,20273,13268,41623,390999
131,8,20273,13268,41623,390999
132,8,20273,13268,41623,390999
133,8,20273,13268,41623,390999
134,8,20273,13268,41626,390999
135,8,20273,13268,41626,390999
136,8,20273,13268,41626,390999
137,8,20273,13268,41626,390999
138,8,20273,13268,41629,390999
139,8,20273,13268,41629,390999
140,8,20273,13268,41629,390999
141,8,20273,13268,41629,390999
142,8,20273,13268,41633,390999
143,8,20273,13268,41633,390999
144,8,20273,13268,41633,390999
145,8,20273,13268,41633,390999
146,8,20273,13268,41636,390999
147,8,20273,13268,41636,390999
148,8,20273,13268,41636,390999
149,8,20273,13268,41636,390999
150,2,17739,10453,6780,403000
151,2,8870,10453,10355,407000
152,2,8870,10453,10355,407000
153,2,8870,10453,10355,407000
154,2,8870,10453,10355,407000
155,8,20273,13268,36959,409000
156,8,20273,13268,36959,409000
157,8,20273,13268,36966,409000
158,8,20273,13268,36966,409000
159,8,20273,13268,36967,409000
160,8,20273,13268,36967,409000
161,8,20273,13268,36968,409000
162,8,20273,13268,36968,409000
163,8,20273,13268,36969,409000
164,8,20273,13268,36969,409000
165,8,20273,13268,36974,409000
166,8,20273,13268,36974,409000
167,8,20273,13268,36976,409000
168,8,20273,13268,36976,409000
169,8,20273,13268,36977,409000
170,8,20273,13268,36977,409000
171,8,20273,13268,36981,409000
172,8,20273,13268,36981,409000
173,1,476,1809,6518,437000
174,1,476,1809,46306,455999
175,1,476,1809,55521,501999
176,4,17739,20505,38570,507999
177,4,17739,20505,38570,507999
178,8,20273,13268,45763,507999
179,8,20273,13268,45763,507999
180,8,20273,13268,29780,507999
181,8,20273,13268,29780,507999
182,1,4435,9046,49752,515999
183,1,476,1809,16865,522999
184,1,476,1809,16866,522999
185,1,2218,4523,51982,590999
186,1,4435,9046,55192,591999
187,8,20273,13268,34637,597999
188,8,20273,13268,34642,597999
189,8,20273,13268,34643,597999
190,8,20273,13268,34644,597999
191,8,20273,13268,34644,597999
192,8,20273,13268,34644,597999
193,8,20273,13268,34649,597999
194,8,20273,13268,34656,597999
195,8,20273,13268,34658,597999
196,1,476,1809,17030,613999
197,1,476,1809,17032,613999
198,1,5069,3719,17503,635999
199,8,20273,13268,35209,647000
200,8,20273,13268,35210,647000
201,8,20273,13268,35211,647000
202,8,20273,13268,35190,647000
203,8,20273,13268,35197,647000
204,8,20273,13268,35200,647000
205,8,20273,13268,35200,647000
206,8,20273,13268,35202,647000
207,8,20273,13268,35214,647000
208,1,2218,2915,12544,647999
209,1,2218,2915,12544,647999
210,1,2218,2915,12544,647999
211,1,2218,2915,12544,647999
212,1,2218,2915,12582,647999
213,1,2218,2915,12582,647999
214,1,2218,2915,12582,647999
215,1,2218,2915,12582,647999
216,1,5069,3719,44484,655999
217,1,5069,3719,44484,655999
218,1,476,1809,30477,694999
219,2,8870,10453,45874,982999
220,2,8870,10453,45874,982999
221,2,8870,10453,45874,982999
222,2,8870,10453,45874,982999
223,2,8870,10453,44875,983999
224,2,8870,10453,44875,983999
225,2,8870,10453,44875,983999
226,2,8870,10453,44875,983999
227,1,4435,9046,59071,999999
228,1,4435,9046,55747,1082000
229,2,8870,10453,50956,1186000
230,2,8870,10453,50956,1186000
231,2,8870,10453,50956,1186000
232,2,8870,10453,50956,1186000
233,2,8870,10453,12116,1188000
234,2,8870,10453,12116,1188000
235,2,8870,10453,12116,1188000
236,2,8870,10453,12116,1188000
237,2,8870,10453,10116,1189999
238,2,8870,10453,10116,1189999
239,2,8870,10453,10116,1189999
240,2,8870,10453,10116,1189999
241,2,8870,10453,5716,1285999
242,2,8870,10453,5716,1285999
243,2,8870,10453,5716,1285999
244,2,8870,10453,5716,1285999
245,1,5069,3719,27595,1299000
246,1,5069,3719,27595,1299000
247,1,4435,9046,55163,1320000
248,2,5069,3618,57074,1323999
249,2,8870,10453,30513,1419999
250,2,8870,10453,30513,1419999
251,2,8870,10453,30513,1419999
252,2,8870,10453,30513,1419999
253,2,8870,10453,22984,1457999
254,2,8870,10453,22984,1457999
255,2,8870,10453,22984,1457999
256,2,8870,10453,22984,1457999
257,1,2218,2915,29690,1505000
258,2,5069,3618,21856,1506000
259,2,8870,10453,22466,1509999
260,1,2218,2915,20422,1513000
261,1,4435,5428,14559,1513000
262,1,2218,2915,9638,1513000
263,1,2218,2915,16427,1514000
264,1,2218,2915,16427,1514000
265,2,17739,10453,11833,1514000
266,2,17739,10453,11833,1514000
267,8,20273,13268,11615,1514000
268,8,20273,13268,11615,1514000
269,4,17739,20505,7754,1514000
270,4,17739,20505,7754,1514000
271,2,5069,3618,21210,1514000
272,4,17739,20505,13292,1514000
273,8,35477,40609,19421,1514000
274,2,8870,10453,20160,1514000
275,8,20273,13268,6870,1514000
276,4,10137,6835,7454,1514000
277,1,2218,2915,12457,1514000
278,2,8870,10453,11872,1514000
279,1,5069,3719,12462,1514000
280,2,8870,10453,13482,1514000
281,4,10137,6835,18423,1515000
282,2,8870,10453,11676,1515000
283,2,8870,10453,8137,1515000
284,2,8870,10453,19188,1515000
285,4,40545,26938,10235,1515000
286,8,63488,53475,16859,1515000
287,8,63488,53475,6450,1515000
288,1,2218,2915,13153,1515000
289,1,2218,2915,13373,1515000
290,1,2218,2915,6296,1515000
291,2,8870,10453,12093,1515000
292,2,8870,10453,17044,1515000
293,4,17739,20505,13310,1515000
294,8,20273,13268,10928,1515999
295,8,20273,13268,10928,1515999
296,2,8870,10453,14081,1515999
297,1,5069,3719,9925,1515999
298,1,4435,5428,11560,1515999
299,4,10137,6835,4662,1515999
300,1,2218,2915,10834,1515999
301,2,8870,10453,11177,1515999
302,2,5069,3618,13379,1515999
303,2,5069,3618,15603,1515999
304,2,8870,10453,7384,1515999
305,2,8870,10453,10517,1515999
306,8,35477,40609,14500,1515999
307,2,8870,10453,17158,1515999
308,1,2218,2915,11361,1515999
309,1,2218,2915,15767,1515999
310,1,2218,2915,17392,1515999
311,2,8870,10453,16140,1515999
312,8,63488,40609,11296,1515999
313,8,63488,40609,15769,1515999
314,1,5069,3719,16216,1515999
315,4,10137,6835,10456,1515999
316,1,10137,7036,7267,1515999
317,4,40545,26938,11763,1515999
318,2,5069,3618,8860,1515999
319,8,35477,40609,18435,1515999
320,2,8870,10453,15021,1515999
321,2,8870,10453,17365,1516999
322,1,5069,3719,10179,1516999
323,8,35477,40609,4051,1516999
324,2,8870,10453,16421,1516999
325,2,8870,10453,17366,1516999
326,2,8870,10453,15646,1516999
327,2,5069,3618,18212,1516999
328,1,5069,3719,10178,1516999
329,8,20273,13268,13617,1516999
330,2,8870,10453,8395,1516999
331,8,35477,40609,3870,1516999
332,2,8870,10453,11413,1516999
333,2,8870,10453,14473,1516999
334,4,35477,20505,14604,1516999
335,2,8870,10453,13704,1516999
336,1,1268,1206,11221,1516999
337,4,40545,26938,14604,1516999
338,2,5069,3618,8424,1516999
339,2,8870,10453,14604,1516999
340,8,20273,13268,17780,1516999
341,2,8870,10453,8612,1516999
342,1,4435,5428,6173,1516999
343,2,8870,10453,15204,1516999
344,2,8870,10453,14687,1516999
345,8,20273,13268,6383,1516999
346,2,8870,10453,3764,1516999
347,2,8870,10453,3873,1516999
348,4,17739,20505,8092,1516999
349,4,17739,20505,9324,1516999
350,2,8870,10453,18028,1516999
351,2,8870,10453,15141,1516999
352,4,40545,26938,11545,1516999
353,2,8870,10453,15606,1516999
354,2,40545,16887,4234,1516999
355,2,5069,3618,12343,1516999
356,4,10137,6835,9782,1516999
357,2,5069,3618,6218,1516999
358,8,20273,13268,15293,1516999
359,2,8870,10453,6266,1516999
360,2,8870,10453,9161,1516999
361,2,17739,10453,5139,1517999
362,4,17739,20505,10113,1517999
363,4,17739,20505,12507,1517999
364,1,2218,2915,9562,1517999
365,2,8870,10453,15229,1517999
366,2,8870,10453,8599,1517999
367,2,8870,10453,16162,1517999
368,2,8870,10453,17299,1517999
369,2,8870,10453,9559,1517999
370,2,8870,10453,9181,1517999
371,2,8870,10453,14347,1517999
372,2,8870,10453,9289,1517999
373,2,8870,10453,3767,1517999
374,4,10137,6835,12507,1517999
375,4,17739,20505,12316,1517999
376,2,8870,10453,8600,1517999
377,2,8870,10453,7081,1517999
378,2,8870,10453,3413,1517999
379,8,63488,53475,3414,1517999
380,8,20273,13268,15419,1517999
381,2,8870,10453,14003,1517999
382,8,63488,40609,14274,1517999
383,2,8870,10453,5020,1517999
384,2,8870,10453,15627,1517999
385,8,20273,13268,11609,1517999
386,2,8870,10453,6893,1517999
387,2,8870,10453,13271,1517999
388,2,8870,10453,5583,1517999
389,8,20273,13268,10546,1517999
390,4,17739,20505,7893,1517999
391,2,8870,10453,3033,1517999
392,2,8870,10453,15688,1517999
393,4,40545,26938,8786,1517999
394,2,8870,10453,15394,1517999
395,2,8870,10453,13021,1517999
396,2,8870,10453,6128,1517999
397,2,8870,10453,10882,1517999
398,4,40545,26938,7653,1517999
399,2,17739,10453,13872,1517999
400,2,8870,10453,13768,1517999
401,2,8870,10453,17200,1517999
402,2,5069,3618,11344,1517999
403,8,35477,40609,2529,1517999
404,2,8870,10453,6128,1517999
405,8,20273,13268,6859,1517999
406,2,8870,10453,16279,1517999
407,2,8870,10453,17124,1517999
408,2,8870,10453,10877,1517999
409,4,17739,20505,5269,1517999
410,2,8870,10453,8981,1517999
411,2,8870,10453,14535,1517999
412,2,17739,10453,16872,1517999
413,4,17739,20505,14534,1517999
414,4,17739,20505,15365,1518999
415,2,8870,10453,15034,1518999
416,2,8870,10453,9412,1518999
417,2,8870,10453,8179,1518999
418,8,20273,13268,14230,1518999
419,8,35477,40609,14421,1518999
420,8,20273,13268,11506,1518999
421,2,8870,10453,7833,1518999
422,2,8870,10453,8561,1518999
423,2,8870,10453,11616,1518999
424,2,8870,10453,14705,1518999
425,2,20273,13670,8179,1518999
426,2,8870,10453,8294,1518999
427,8,63488,40609,14419,1518999
428,8,63488,40609,12393,1518999
429,2,8870,10453,13273,1518999
430,2,8870,10453,13274,1518999
431,8,63488,53475,15768,1518999
432,2,8870,10453,8176,1518999
433,2,8870,10453,2767,1518999
434,8,63488,40609,4139,1518999
435,2,20273,13670,11601,1518999
436,2,8870,10453,5972,1518999
437,2,8870,10453,16251,1518999
438,2,8870,10453,4383,1518999
439,2,8870,10453,15546,1518999
440,2,8870,10453,14375,1518999
441,2,8870,10453,2579,1518999
442,8,20273,13268,8128,1518999
443,8,63488,53475,14079,1518999
444,8,35477,40609,4220,1518999
445,8,35477,40609,15436,1518999
446,2,8870,10453,16124,1518999
447,2,8870,10453,10122,1518999
448,8,20273,13268,5130,1518999
449,8,35477,40609,13777,1518999
450,2,8870,10453,13536,1518999
451,2,8870,10453,4467,1518999
452,8,63488,40609,1950,1518999
453,2,8870,10453,4857,1518999
454,8,20273,13268,7638,1518999
455,8,20273,13268,15356,1518999
456,2,8870,10453,11142,1518999
457,2,20273,13670,7563,1518999
458,2,8870,10453,1654,1518999
459,2,20273,13670,11529,1518999
460,2,20273,13670,14762,1518999
461,2,8870,10453,6170,1518999
462,2,8870,10453,8095,1518999
463,2,17739,10453,11141,1518999
464,2,8870,10453,13229,1520000
465,2,8870,10453,12751,1520000
466,2,8870,10453,8222,1520000
467,8,63488,40609,2583,1521000
468,2,8870,10453,4297,1523000
469,8,63488,40609,1433,1530000
470,2,8870,10453,1019,1530000
471,2,8870,10453,5276,1530000
472,1,476,1809,6169,1540999
473,2,8870,10453,25632,1552000
474,2,8870,10453,25632,1552000
475,2,8870,10453,25632,1552000
476,2,8870,10453,25632,1552000
477,1,476,1809,27261,1632000
478,1,476,1809,27263,1632000
479,1,5069,3719,2370,1685000
480,1,2218,2915,32581,1687999
481,1,2218,2915,32581,1687999
482,1,2218,2915,32581,1687999
483,1,2218,2915,32581,1687999
484,1,2218,2915,32583,1687999
485,1,2218,2915,32583,1687999
486,1,2218,2915,32583,1687999
487,1,2218,2915,32583,1687999
488,1,2218,2915,32584,1687999
489,1,2218,2915,32584,1687999
490,1,2218,2915,32584,1687999
491,1,2218,2915,32584,1687999
492,1,2218,2915,32585,1687999
493,1,2218,2915,32585,1687999
494,1,2218,2915,32585,1687999
495,1,2218,2915,32585,1687999
496,1,2218,2915,32585,1687999
497,1,2218,2915,32585,1687999
498,1,2218,2915,32585,1687999
499,1,2218,2915,32585,1687999
500,1,2218,2915,32586,1687999
501,1,2218,2915,32586,1687999
502,1,2218,2915,32586,1687999
503,1,2218,2915,32586,1687999
504,1,2218,2915,32587,1687999
505,1,2218,2915,32587,1687999
506,1,2218,2915,32587,1687999
507,1,2218,2915,32587,1687999
508,1,2218,2915,32587,1687999
509,1,2218,2915,32587,1687999
510,1,2218,2915,32587,1687999
511,1,2218,2915,32587,1687999
512,1,2218,2915,32589,1687999
513,1,2218,2915,32589,1687999
514,1,2218,2915,32589,1687999
515,1,2218,2915,32589,1687999
516,1,2218,2915,32590,1687999
517,1,2218,2915,32590,1687999
518,1,2218,2915,32590,1687999
519,1,2218,2915,32590,1687999
520,1,4435,9046,55063,1691000
521,1,476,1809,6407,1723000
522,1,5069,3719,2681,1732999
523,1,5069,3719,2681,1732999
524,1,476,1809,22218,1738999
525,1,476,1809,22219,1738999
526,1,5069,3719,2281,1782000
527,1,2218,4523,49312,1797000
528,1,5069,3719,28107,1803000
529,1,8870,5428,9732,1814999
530,1,8870,5428,9732,1814999
531,1,476,1809,26805,1815999
532,1,476,1809,26806,1815999
533,1,476,1809,38483,1911999
534,1,2218,2915,59857,2017000
535,1,4435,9046,49692,2035999
536,1,476,1809,16772,2047000
537,1,476,1809,16773,2047000
538,1,476,1809,6222,2070000
539,1,476,1809,22138,2165000
540,1,476,1809,22139,2165000
541,2,8870,10453,47886,2175000
542,2,8870,10453,47886,2175000
543,2,8870,10453,47886,2175000
544,2,8870,10453,47886,2175000
545,1,4435,9046,58098,2181000
546,2,5069,3618,58009,2190999
547,2,8870,10453,43765,2269000
548,2,8870,10453,43765,2269000
549,2,8870,10453,43765,2269000
550,2,8870,10453,43765,2269000
551,8,20273,13268,38700,2271000
552,8,20273,13268,38700,2271000
553,8,20273,13268,38708,2271000
554,8,20273,13268,38714,2271000
555,8,20273,13268,38716,2271000
556,8,20273,13268,38717,2271000
557,8,20273,13268,38721,2271000
558,8,20273,13268,38721,2271000
559,8,20273,13268,38722,2271000
560,1,476,1809,21706,2287000
561,1,476,1809,21707,2287000
562,1,5069,3719,38308,2411000
563,8,20273,13268,34044,2415999
564,8,20273,13268,34047,2415999
565,8,20273,13268,34048,2415999
566,8,20273,13268,34050,2415999
567,8,20273,13268,34051,2415999
568,8,20273,13268,34054,2415999
569,8,20273,13268,34054,2415999
570,8,20273,13268,34058,2415999
571,8,20273,13268,34058,2415999
572,8,20273,13268,59235,2437999
573,8,20273,13268,59239,2437999
574,8,20273,13268,59252,2437999
575,8,20273,13268,59256,2437999
576,8,20273,13268,59257,2437999
577,8,20273,13268,59260,2437999
578,8,20273,13268,59260,2437999
579,8,20273,13268,59262,2437999
580,8,20273,13268,59264,2437999
581,8,20273,13268,57892,2457999
582,8,20273,13268,57898,2457999
583,8,20273,13268,57898,2457999
584,8,20273,13268,57900,2457999
585,8,20273,13268,57904,2457999
586,8,20273,13268,57905,2457999
587,8,20273,13268,57911,2457999
588,8,20273,13268,57912,2457999
589,8,20273,13268,57912,2457999
590,1,2218,4523,29315,2484000
591,1,4435,9046,56966,2509000
592,2,8870,10453,39527,2511999
593,2,8870,10453,39527,2511999
594,2,8870,10453,39527,2511999
595,2,8870,10453,39527,2511999
596,2,8870,10453,13127,2514000
597,2,8870,10453,13127,2514000
598,2,8870,10453,13127,2514000
599,2,8870,10453,13127,2514000
600,1,2218,4523,30471,2536000
601,8,20273,13268,27490,2591000
602,8,20273,13268,27495,2591000
603,8,20273,13268,27503,2591000
604,8,20273,13268,27504,2591000
605,8,20273,13268,27505,2591000
606,8,20273,13268,27506,2591000
607,8,20273,13268,27507,2591000
608,8,20273,13268,27513,2591000
609,8,20273,13268,27516,2591000
610,2,8870,10453,12476,2600999
611,2,8870,10453,12476,2600999
612,2,8870,10453,12476,2600999
613,2,8870,10453,12476,2600999
614,1,2218,4523,31034,2629999
615,8,20273,13268,27886,2672000
616,8,20273,13268,27896,2672000
617,8,20273,13268,27898,2672000
618,8,20273,13268,27899,2672000
619,8,20273,13268,27902,2672000
620,8,20273,13268,27903,2672000
621,8,20273,13268,26904,2672999
622,8,20273,13268,26905,2672999
623,8,20273,13268,26908,2672999
624,8,20273,13268,27314,2681999
625,8,20273,13268,27317,2681999
626,8,20273,13268,27320,2681999
627,8,20273,13268,27322,2681999
628,8,20273,13268,27333,2681999
629,8,20273,13268,27336,2681999
630,8,20273,13268,27338,2681999
631,8,20273,13268,27339,2681999
632,8,20273,13268,27340,2681999
633,8,20273,13268,37492,2734999
634,8,20273,13268,37495,2734999
635,8,20273,13268,37497,2734999
636,8,20273,13268,37499,2734999
637,8,20273,13268,37502,2734999
638,8,20273,13268,37505,2734999
639,8,20273,13268,37507,2734999
640,8,20273,13268,37509,2734999
641,8,20273,13268,37514,2734999
642,1,4435,9046,58006,2739000
643,4,40545,24124,11082,2789000
644,1,4435,9046,51662,2806999
645,1,4435,9046,57631,2871000
646,8,20273,13268,28328,2890999
647,8,20273,13268,28330,2890999
648,8,20273,13268,28336,2890999
649,8,20273,13268,28337,2890999
650,8,20273,13268,28341,2890999
651,8,20273,13268,28345,2890999
652,8,20273,13268,28351,2890999
653,8,20273,13268,28355,2890999
654,8,20273,13268,28356,2890999
655,2,8870,10453,29055,2894000
656,1,5069,3719,4725,2922000
657,2,8870,10453,2303,2922000
658,1,2218,2915,4069,2922000
659,8,63488,40609,1772,2923000
660,4,17739,20505,3459,2923000
661,2,8870,10453,2382,2923000
662,1,5069,3719,2796,2953000
663,1,5069,3719,2796,2953000
664,1,5069,3719,5603,2968000
665,1,5069,3719,5603,2968000
666,2,8870,14072,49020,3018000
667,1,5069,3719,2383,3019000
668,1,5069,3719,3339,3038999
669,2,8870,10453,5724,3052999
670,2,8870,10453,5724,3052999
671,2,8870,10453,5724,3052999
672,2,8870,10453,5724,3052999
673,2,8870,14072,58351,3068999
674,1,5069,3719,5549,3113999
675,1,317,2110,31046,3125000
676,8,20273,13268,38971,3169999
677,8,20273,13268,38971,3169999
678,8,20273,13268,38975,3169999
679,8,20273,13268,38975,3169999
680,8,20273,13268,38977,3169999
681,8,20273,13268,38977,3169999
682,8,20273,13268,38977,3169999
683,8,20273,13268,38977,3169999
684,8,20273,13268,38982,3169999
685,8,20273,13268,38982,3169999
686,8,20273,13268,38989,3169999
687,8,20273,13268,38989,3169999
688,8,20273,13268,38990,3169999
689,8,20273,13268,38990,3169999
690,8,20273,13268,38991,3169999
691,8,20273,13268,38991,3169999
692,8,20273,13268,38992,3169999
693,8,20273,13268,38992,3169999
694,1,476,1809,49830,3196000
695,1,476,1809,6187,3295999
696,1,476,1809,6356,3364999
697,1,476,1809,16164,3377000
698,1,476,1809,16165,3377000
699,1,2218,2915,57865,3428000
700,1,476,1809,16579,3460999
701,1,476,1809,16581,3460999
702,1,476,1809,27344,3466999
703,1,476,1809,27345,3466999
704,1,476,1809,21789,3567000
705,1,476,1809,21790,3567000
706,1,634,2110,45011,3570999
707,1,634,2110,45011,3570999
708,4,17739,20505,40462,3615999
709,4,17739,20505,40462,3615999
710,4,17739,20505,40463,3615999
711,4,17739,20505,40463,3615999
712,1,4435,9046,58624,3647999
713,4,17739,20505,5808,3651999
714,1,2535,2311,49300,3652999
715,1,2535,2311,49300,3652999
716,1,2535,2311,49302,3652999
717,1,2535,2311,49302,3652999
718,1,2218,4523,19161,3691999
719,1,2218,2915,33572,3693000
720,1,2218,2915,33572,3693000
721,1,2218,2915,33572,3693000
722,1,2218,2915,33572,3693000
723,1,2218,2915,33573,3693000
724,1,2218,2915,33573,3693000
725,1,2218,2915,33573,3693000
726,1,2218,2915,33573,3693000
727,1,2218,2915,33574,3693000
728,1,2218,2915,33574,3693000
729,1,2218,2915,33574,3693000
730,1,2218,2915,33574,3693000
731,1,2218,2915,33574,3693000
732,1,2218,2915,33574,3693000
733,1,2218,2915,33574,3693000
734,1,2218,2915,33574,3693000
735,1,2218,2915,33575,3693000
736,1,2218,2915,33575,3693000
737,1,2218,2915,33575,3693000
738,1,2218,2915,33575,3693000
739,1,2218,2915,33576,3693000
740,1,2218,2915,33576,3693000
741,1,2218,2915,33576,3693000
742,1,2218,2915,33576,3693000
743,1,2218,2915,33577,3693000
744,1,2218,2915,33577,3693000
745,1,2218,2915,33577,3693000
746,1,2218,2915,33577,3693000
747,1,2218,2915,33578,3693000
748,1,2218,2915,33578,3693000
749,1,2218,2915,33578,3693000
750,1,2218,2915,33578,3693000
751,1,2218,2915,33579,3693000
752,1,2218,2915,33579,3693000
753,1,2218,2915,33579,3693000
754,1,2218,2915,33579,3693000
755,1,2218,2915,33580,3693000
756,1,2218,2915,33580,3693000
757,1,2218,2915,33580,3693000
758,1,2218,2915,33580,3693000
759,1,2218,4523,30406,3736999
760,1,2218,4523,51014,3808999
761,1,4435,9046,47006,3822999
762,1,2218,4523,31313,3838999
763,1,476,1809,6228,3854999
764,1,4435,9046,59515,3926000
765,1,476,1809,26696,3947000
766,1,476,1809,26697,3947000
767,1,476,1809,58609,3977000
768,1,476,1809,38438,3977000
769,2,5069,3618,56651,4000000
770,2,5069,3618,56651,4000000
771,1,476,1809,21812,4053999
772,1,476,1809,21814,4053999
773,2,8870,10453,6983,4103000
774,2,8870,10453,6983,4103000
775,2,8870,10453,6983,4103000
776,2,8870,10453,6983,4103000
777,1,476,1809,6446,4113999
778,2,8870,10453,7088,4114999
779,2,8870,10453,7088,4114999
780,2,8870,10453,7088,4114999
781,2,8870,10453,7088,4114999
782,1,476,1809,34401,4171999
783,1,4435,9046,57947,4187999
784,1,476,1809,21363,4194999
785,1,476,1809,21365,4194999
786,1,476,1809,47196,4205000
787,1,476,1809,52304,4205000
788,1,476,1809,57413,4205000
789,4,40545,26938,36517,4220000
790,4,40545,26938,36517,4220000
791,4,40545,26938,36517,4220000
792,4,40545,26938,36517,4220000
793,4,40545,26938,28611,4233999
794,4,40545,26938,28611,4233999
795,4,40545,26938,28611,4233999
796,4,40545,26938,28611,4233999
797,1,2218,2915,58734,4282999
798,1,2218,2915,58734,4282999
799,2,8870,10453,3077,4289999
800,2,8870,10453,3077,4289999
801,2,8870,10453,3077,4289999
802,2,8870,10453,3077,4289999
803,1,476,1809,27307,4299999
804,1,476,1809,27309,4299999
805,1,5069,3719,46271,4302000
806,1,476,1809,40439,4305999
807,1,476,1809,40440,4305999
808,1,4435,5428,43653,4309000
809,1,4435,5428,43653,4309000
810,1,4435,5428,43653,4309000
811,1,4435,5428,43653,4309000
812,1,4435,5428,43710,4309000
813,1,4435,5428,43710,4309000
814,1,4435,5428,43710,4309000
815,1,4435,5428,43710,4309000
816,8,35477,44228,59764,4373999
817,1,4435,9046,58456,4384000
818,1,5069,3719,16044,4390000
819,1,5069,3719,52574,4401000
820,2,8870,14072,54385,4431999
821,1,4435,9046,58817,4616999
822,1,5069,3719,50033,4660999
823,1,4435,9046,40822,4676999
824,1,5069,3719,59822,4719000
825,8,20273,13268,36144,4732000
826,8,20273,13268,36147,4732000
827,8,20273,13268,36152,4732000
828,8,20273,13268,36155,4732000
829,8,20273,13268,36156,4732000
830,8,20273,13268,36158,4732000
831,8,20273,13268,36158,4732000
832,8,20273,13268,36162,4732000
833,8,20273,13268,36168,4732000
834,1,476,1809,30556,4762000
835,4,17739,24124,55262,4771000
836,2,8870,10453,48415,4785000
837,2,8870,10453,48415,4785000
838,2,8870,10453,48415,4785000
839,2,8870,10453,48415,4785000
840,8,20273,13268,41561,4788999
841,8,20273,13268,41561,4788999
842,8,20273,13268,41561,4788999
843,8,20273,13268,41561,4788999
844,8,20273,13268,41568,4788999
845,8,20273,13268,41568,4788999
846,8,20273,13268,41568,4788999
847,8,20273,13268,41568,4788999
848,8,20273,13268,41570,4788999
849,8,20273,13268,41570,4788999
850,8,20273,13268,41570,4788999
851,8,20273,13268,41570,4788999
852,8,20273,13268,41573,4788999
853,8,20273,13268,41573,4788999
854,8,20273,13268,41573,4788999
855,8,20273,13268,41573,4788999
856,8,20273,13268,41575,4788999
857,8,20273,13268,41575,4788999
858,8,20273,13268,41575,4788999
859,8,20273,13268,41575,4788999
860,8,20273,13268,41581,4788999
861,8,20273,13268,41581,4788999
862,8,20273,13268,41581,4788999
863,8,20273,13268,41581,4788999
864,8,20273,13268,41586,4788999
865,8,20273,13268,41586,4788999
866,8,20273,13268,41586,4788999
867,8,20273,13268,41586,4788999
868,8,20273,13268,41587,4788999
869,8,20273,13268,41587,4788999
870,8,20273,13268,41587,4788999
871,8,20273,13268,41587,4788999
872,8,20273,13268,40591,4789999
873,8,20273,13268,40591,4789999
874,8,20273,13268,40591,4789999
875,8,20273,13268,40591,4789999
876,1,476,1809,48746,4794999
877,1,476,1809,51182,4848999
878,1,476,1809,51182,4848999
879,1,476,1809,51183,4848999
880,1,476,1809,51184,4848999
881,8,20273,13268,39757,4877999
882,8,20273,13268,39759,4877999
883,8,20273,13268,39770,4877999
884,8,20273,13268,39776,4877999
885,8,20273,13268,39780,4877999
886,8,20273,13268,39786,4877999
887,8,20273,13268,39797,4877999
888,8,20273,13268,39800,4877999
889,8,20273,13268,39801,4877999
890,1,4435,9046,55314,4954000
891,1,476,1809,6653,4962000
892,1,476,1809,37257,4994999
893,1,476,1809,26668,5043000
894,1,476,1809,26669,5043000
895,1,4435,9046,59017,5053000
896,2,5069,3618,57257,5070999
897,2,5069,3618,57257,5070999
898,8,20273,13268,38619,5135000
899,8,20273,13268,38619,5135000
900,8,20273,13268,38628,5135000
901,8,20273,13268,38628,5135000
902,8,20273,13268,38636,5135000
903,8,20273,13268,38636,5135000
904,8,20273,13268,38639,5135000
905,8,20273,13268,38639,5135000
906,8,20273,13268,38646,5135000
907,8,20273,13268,38646,5135000
908,8,20273,13268,38655,5135000
909,8,20273,13268,38655,5135000
910,8,20273,13268,38657,5135000
911,8,20273,13268,38657,5135000
912,8,20273,13268,38658,5135000
913,8,20273,13268,38658,5135000
914,8,20273,13268,38665,5135000
915,8,20273,13268,38665,5135000
916,1,476,1809,26581,5165000
917,1,476,1809,26582,5165000
918,2,8870,14072,51412,5234999
919,1,4435,9046,57271,5255999
920,4,17739,24124,54739,5298000
921,4,17739,20505,39067,5409999
922,4,17739,20505,39067,5409999
923,4,17739,20505,39067,5409999
924,4,17739,20505,39067,5409999
925,4,17739,20505,39067,5409999
926,4,17739,20505,39067,5409999
927,4,17739,20505,39066,5409999
928,4,17739,20505,39066,5409999
929,4,17739,20505,48896,5412999
930,4,17739,20505,48896,5412999
931,4,17739,20505,48896,5412999
932,4,17739,20505,48896,5412999
933,4,17739,20505,46894,5415000
934,4,17739,20505,46894,5415000
935,4,17739,20505,46894,5415000
936,4,17739,20505,46894,5415000
937,4,17739,20505,45900,5416000
938,4,17739,20505,45900,5416000
939,4,17739,20505,45900,5416000
940,4,17739,20505,45900,5416000
941,1,2218,4523,52153,5470999
942,1,2218,2915,30432,5536999
943,1,2218,2915,30432,5536999
944,1,2218,2915,30432,5536999
945,1,2218,2915,30432,5536999
946,1,2218,2915,30342,5536999
947,1,2218,2915,30342,5536999
948,1,2218,2915,30342,5536999
949,1,2218,2915,30342,5536999
950,1,5069,3719,3536,5550000
951,1,5069,3719,6801,5610999
952,8,20273,13268,41386,5612999
953,8,20273,13268,41386,5612999
954,8,20273,13268,41386,5612999
955,8,20273,13268,41386,5612999
956,8,20273,13268,41392,5612999
957,8,20273,13268,41392,5612999
958,8,20273,13268,41392,5612999
959,8,20273,13268,41392,5612999
960,8,20273,13268,41396,5612999
961,8,20273,13268,41396,5612999
962,8,20273,13268,41396,5612999
963,8,20273,13268,41396,5612999
964,8,20273,13268,41403,5612999
965,8,20273,13268,41403,5612999
966,8,20273,13268,41403,5612999
967,8,20273,13268,41403,5612999
968,8,20273,13268,41405,5612999
969,8,20273,13268,41405,5612999
970,8,20273,13268,41405,5612999
971,8,20273,13268,41405,5612999
972,8,20273,13268,41408,5612999
973,8,20273,13268,41408,5612999
974,8,20273,13268,41408,5612999
975,8,20273,13268,41408,5612999
976,8,20273,13268,41409,5612999
977,8,20273,13268,41409,5612999
978,8,20273,13268,41409,5612999
979,8,20273,13268,41409,5612999
980,8,20273,13268,41413,5612999
981,8,20273,13268,41413,5612999
982,8,20273,13268,41413,5612999
983,8,20273,13268,41413,5612999
984,8,20273,13268,41414,5612999
985,8,20273,13268,41414,5612999
986,8,20273,13268,41414,5612999
987,8,20273,13268,41414,5612999
988,1,2218,2915,59474,5644000
989,2,5069,3618,58149,5660000
990,2,5069,3618,58149,5660000
991,1,5069,3719,3808,5661000
992,1,2218,2915,32012,5706999
993,1,2218,2915,32012,5706999
994,1,2218,2915,32012,5706999
995,1,2218,2915,32012,5706999
996,1,2218,2915,32012,5706999
997,1,2218,2915,32012,5706999
998,1,2218,2915,32012,5706999
999,1,2218,2915,32012,5706999
1000,1,2218,2915,32013,5706999
1001,1,2218,2915,32013,5706999
1002,1,2218,2915,32013,5706999
1003,1,2218,2915,32013,5706999
1004,1,2218,2915,32014,5706999
1005,1,2218,2915,32014,5706999
1006,1,2218,2915,32014,5706999
1007,1,2218,2915,32014,5706999
1008,1,2218,2915,32016,5706999
1009,1,2218,2915,32016,5706999
1010,1,2218,2915,32016,5706999
1011,1,2218,2915,32016,5706999
1012,1,2218,2915,32017,5706999
1013,1,2218,2915,32017,5706999
1014,1,2218,2915,32017,5706999
1015,1,2218,2915,32017,5706999
1016,1,2218,2915,32017,5706999
1017,1,2218,2915,32017,5706999
1018,1,2218,2915,32017,5706999
1019,1,2218,2915,32017,5706999
1020,1,2218,2915,32018,5706999
1021,1,2218,2915,32018,5706999
1022,1,2218,2915,32018,5706999
1023,1,2218,2915,32018,5706999
1024,1,2218,2915,32019,5706999
1025,1,2218,2915,32019,5706999
1026,1,2218,2915,32019,5706999
1027,1,2218,2915,32019,5706999
1028,1,2218,2915,32019,5706999
1029,1,2218,2915,32019,5706999
1030,1,2218,2915,32019,5706999
1031,1,2218,2915,32019,5706999
1032,8,20273,13268,39956,5740000
1033,8,20273,13268,39956,5740000
1034,8,20273,13268,39957,5740000
1035,8,20273,13268,39957,5740000
1036,8,20273,13268,39960,5740000
1037,8,20273,13268,39960,5740000
1038,8,20273,13268,39961,5740000
1039,8,20273,13268,39961,5740000
1040,8,20273,13268,39964,5740000
1041,8,20273,13268,39964,5740000
1042,8,20273,13268,39965,5740000
1043,8,20273,13268,39965,5740000
1044,8,20273,13268,39966,5740000
1045,8,20273,13268,39966,5740000
1046,8,20273,13268,39977,5740000
1047,8,20273,13268,39977,5740000
1048,8,20273,13268,39980,5740000
1049,8,20273,13268,39980,5740000
1050,1,4435,9046,55877,5765999
1051,1,2218,4523,48876,5780999
1052,1,1268,1809,59541,5794000
1053,8,20273,13268,42638,5798999
1054,8,20273,13268,42640,5798999
1055,8,20273,13268,42648,5798999
1056,8,20273,13268,42649,5798999
1057,8,20273,13268,42650,5798999
1058,8,20273,13268,42658,5798999
1059,8,20273,13268,42659,5798999
1060,8,20273,13268,42660,5798999
1061,8,20273,13268,42662,5798999
1062,1,4435,9046,51076,5854999
1063,8,20273,13268,41291,5944999
1064,8,20273,13268,41292,5944999
1065,8,20273,13268,41299,5944999
1066,8,20273,13268,41304,5944999
1067,8,20273,13268,41305,5944999
1068,8,20273,13268,41306,5944999
1069,8,20273,13268,41311,5944999
1070,8,20273,13268,41312,5944999
1071,8,20273,13268,41313,5944999
1072,1,476,1809,42475,5994000
1073,1,476,1809,50747,5994000
1074,1,4435,9046,53657,6064999
1075,1,4435,9046,55219,6124999
1076,1,476,1809,6494,6129000
1077,8,20273,13268,39218,6168999
1078,8,20273,13268,39219,6168999
1079,8,20273,13268,39221,6168999
1080,8,20273,13268,39223,6168999
1081,8,20273,13268,39227,6168999
1082,8,20273,13268,39230,6168999
1083,8,20273,13268,39233,6168999
1084,8,20273,13268,39235,6168999
1085,8,20273,13268,39235,6168999
1086,1,476,1809,44051,6181999
1087,1,476,1809,46481,6196999
1088,1,2218,2915,12578,6197999
1089,1,2218,2915,12578,6197999
1090,1,2218,2915,12578,6197999
1091,1,2218,2915,12578,6197999
1092,1,476,1809,27396,6219999
1093,1,476,1809,27398,6219999
1094,1,476,1809,49279,6240000
1095,1,476,1809,54386,6240000
1096,1,476,1809,59495,6240000
1097,1,4435,9046,55003,6245000
1098,2,8870,10453,39569,6338999
1099,2,8870,10453,39569,6338999
1100,2,8870,10453,39569,6338999
1101,2,8870,10453,39569,6338999
1102,1,476,1809,16965,6342000
1103,1,476,1809,16966,6342000
1104,1,476,1809,6080,6344999
1105,1,476,1809,36365,6359999
1106,1,476,1809,36365,6359999
1107,1,476,1809,6822,6438000
1108,1,476,1809,22083,6440000
1109,1,476,1809,22084,6440000
1110,1,4435,5428,45661,6442999
1111,1,4435,5428,45661,6442999
1112,1,476,1809,38464,6507000
1113,1,476,1809,22499,6519000
1114,1,476,1809,22500,6519000
1115,2,8870,10453,41911,6539999
1116,1,476,1809,58533,6544999
1117,1,476,1809,26701,6545999
1118,1,476,1809,26702,6545999
1119,2,8870,10453,18811,6559000
1120,2,8870,10453,4606,6561999
1121,2,8870,10453,4606,6561999
1122,2,8870,10453,4606,6561999
1123,2,8870,10453,4606,6561999
1124,2,8870,10453,28870,6561999
1125,2,8870,10453,28870,6561999
1126,2,8870,10453,28870,6561999
1127,2,8870,10453,28870,6561999
1128,2,8870,10453,14638,6562999
1129,4,17739,20505,5399,6565000
1130,2,8870,10453,12599,6565000
1131,2,8870,10453,14087,6568999
1132,1,5069,3719,7888,6573000
1133,8,35477,40609,6887,6574000
1134,1,2218,2915,8109,6574000
1135,8,35477,40609,4504,6574000
1136,1,5069,3719,4036,6574000
1137,4,17739,20505,4351,6574000
1138,2,8870,10453,3228,6574999
1139,1,4435,5428,11485,6574999
1140,1,2218,2915,6961,6574999
1141,4,17739,20505,3531,6574999
1142,8,63488,40609,2812,6574999
1143,2,5069,3618,6304,6574999
1144,1,5069,3719,7112,6574999
1145,8,35477,40609,3308,6574999
1146,2,8870,10453,7473,6574999
1147,4,10137,6835,7403,6574999
1148,2,8870,10453,6348,6574999
1149,4,40545,26938,8738,6574999
1150,2,8870,10453,5193,6574999
1151,4,10137,6835,11318,6574999
1152,2,8870,10453,7880,6574999
1153,1,5069,3719,2803,6574999
1154,8,63488,53475,4302,6574999
1155,2,8870,10453,11511,6574999
1156,4,17739,20505,3739,6574999
1157,2,8870,10453,9613,6574999
1158,2,8870,10453,12145,6574999
1159,3,30409,6734,2668,6574999
1160,1,4435,5428,6618,6575999
1161,2,8870,10453,10248,6575999
1162,1,2218,2915,3984,6575999
1163,4,10137,6835,5499,6575999
1164,2,8870,10453,2840,6575999
1165,2,8870,10453,8886,6575999
1166,2,8870,10453,2841,6575999
1167,2,8870,10453,10663,6575999
1168,8,35477,40609,9710,6575999
1169,4,10137,6835,8743,6575999
1170,2,8870,10453,5961,6575999
1171,2,8870,10453,8885,6575999
1172,2,8870,10453,9387,6575999
1173,8,35477,40609,10484,6575999
1174,8,63488,53475,6111,6575999
1175,4,17739,20505,10320,6575999
1176,2,8870,10453,9164,6575999
1177,2,20273,13670,2427,6575999
1178,8,63488,53475,10510,6575999
1179,2,8870,10453,6403,6575999
1180,2,8870,10453,9461,6575999
1181,2,8870,10453,10051,6575999
1182,8,20273,13268,10509,6575999
1183,8,20273,13268,9163,6575999
1184,2,8870,10453,3942,6575999
1185,2,8870,10453,7051,6575999
1186,2,20273,13670,1530,6576999
1187,8,20273,13268,9487,6576999
1188,2,8870,10453,7976,6576999
1189,2,8870,10453,5355,6576999
1190,2,8870,10453,9165,6576999
1191,1,5069,3719,511,6576999
1192,2,8870,10453,1530,6576999
1193,8,63488,40609,4960,6576999
1194,2,8870,10453,2260,6576999
1195,8,20273,13268,8524,6576999
1196,2,20273,13670,729,6576999
1197,2,8870,10453,8386,6576999
1198,2,8870,10453,6492,6576999
1199,4,17739,20505,2986,6576999
1200,2,8870,10453,9248,6576999
1201,4,10137,6835,2985,6576999
1202,2,8870,10453,6383,6576999
1203,2,20273,13670,3500,6577999
1204,2,8870,10453,6633,6577999
1205,2,8870,10453,2652,6577999
1206,8,63488,53475,3498,6577999
1207,8,20273,13268,5554,6577999
1208,4,40545,26938,4620,6577999
1209,8,20273,13268,7930,6577999
1210,2,8870,10453,9242,6577999
1211,8,20273,13268,5789,6577999
1212,2,8870,10453,4365,6577999
1213,8,63488,53475,4979,6577999
1214,4,17739,20505,8336,6577999
1215,8,63488,53475,2889,6577999
1216,2,8870,10453,2400,6577999
1217,4,40545,26938,2323,6577999
1218,4,63488,33372,2653,6577999
1219,4,35477,20505,7388,6577999
1220,8,63488,40609,3835,6577999
1221,4,63488,33372,59214,6612999
1222,8,35477,40609,35042,6618000
1223,2,8870,10453,35214,6626000
1224,1,476,1809,17039,6626000
1225,1,476,1809,17040,6626000
1226,1,1268,2110,38243,6642999
1227,1,634,2110,11308,6643999
1228,1,634,2110,36729,6643999
1229,1,2535,2311,32040,6645000
1230,2,8870,10453,13290,6648999
1231,2,8870,10453,21135,6650999
1232,8,20273,13268,16632,6650999
1233,2,8870,10453,16666,6650999
1234,2,8870,10453,14354,6650999
1235,2,8870,14072,51090,6651999
1236,2,8870,10453,8962,6651999
1237,2,20273,13670,14446,6651999
1238,2,8870,10453,17896,6651999
1239,1,2535,2311,27910,6653000
1240,4,10137,6835,19211,6653000
1241,1,634,2110,29367,6653000
1242,1,2535,2311,27011,6653000
1243,1,2535,2311,27011,6653000
1244,1,634,2110,20290,6653000
1245,2,8870,10453,8901,6653000
1246,1,5069,2714,23115,6654000
1247,2,8870,10453,15054,6654000
1248,1,5069,2714,20099,6654000
1249,8,20273,13268,13976,6654000
1250,1,2218,2915,9686,6654000
1251,1,2218,2915,14697,6654000
1252,8,20273,13268,16261,6654000
1253,1,317,2110,25753,6654000
1254,1,634,2110,28052,6654000
1255,8,35477,40609,7401,6654000
1256,2,8870,10453,14176,6654000
1257,1,634,2110,26111,6654000
1258,1,2535,2311,20254,6654000
1259,1,634,2110,20065,6654000
1260,4,10137,6835,20175,6654000
1261,4,40545,26938,10583,6654000
1262,2,20273,13670,6568,6654000
1263,1,5069,2714,25475,6654000
1264,1,1268,2110,28461,6654000
1265,1,634,2110,20493,6654000
1266,1,2535,2311,31354,6654000
1267,2,5069,3618,14024,6654000
1268,8,35477,40609,6635,6654000
1269,2,8870,10453,8150,6654000
1270,1,634,2110,23821,6654000
1271,2,8870,10453,13493,6654000
1272,4,17739,20505,14196,6654000
1273,2,8870,10453,13416,6654000
1274,2,8870,10453,13775,6654000
1275,2,8870,10453,10604,6654000
1276,2,8870,10453,17272,6655000
1277,2,8870,10453,13164,6655000
1278,4,63488,33372,7666,6655000
1279,4,40545,26938,8837,6655000
1280,8,35477,40609,7039,6655000
1281,8,20273,13268,18273,6655000
1282,2,8870,10453,14305,6655000
1283,8,20273,13268,18474,6655000
1284,2,8870,10453,14460,6655000
1285,1,2218,2915,13697,6655000
1286,2,8870,10453,11054,6655000
1287,8,63488,53475,14747,6655000
1288,4,40545,26938,17212,6655000
1289,2,8870,10453,10883,6655000
1290,2,20273,13670,7588,6655000
1291,2,8870,10453,16324,6655000
1292,4,17739,20505,16324,6655000
1293,1,634,2110,19506,6655000
1294,2,8870,10453,17051,6655000
1295,2,8870,10453,14567,6655000
1296,2,8870,10453,6836,6655000
1297,1,634,2110,19910,6655000
1298,8,63488,53475,6177,6655000
1299,2,8870,10453,13103,6655000
1300,8,20273,13268,5725,6655000
1301,1,5069,2714,25377,6655000
1302,2,8870,10453,12614,6655000
1303,8,20273,13268,16504,6655000
1304,8,20273,13268,15146,6656000
1305,2,8870,10453,6667,6656000
1306,1,4435,5428,10367,6656000
1307,2,8870,10453,6589,6656000
1308,1,10137,3518,18366,6656000
1309,2,8870,10453,16135,6656000
1310,2,8870,10453,9884,6656000
1311,3,30409,6734,18896,6656000
1312,3,30409,6734,24083,6656000
1313,2,8870,10453,5215,6656000
1314,2,8870,10453,7914,6656000
1315,1,2218,2915,10228,6656000
1316,8,20273,13268,13746,6656000
1317,2,8870,10453,4586,6656000
1318,2,8870,10453,4883,6656000
1319,2,8870,10453,12850,6656000
1320,2,8870,10453,8413,6656000
1321,2,8870,10453,4758,6656000
1322,2,8870,10453,15323,6656000
1323,2,20273,13670,13747,6656000
1324,2,8870,10453,13104,6656999
1325,2,8870,10453,13261,6656999
1326,2,8870,10453,50206,6656999
1327,8,35477,40609,13103,6656999
1328,2,8870,10453,41208,6665999
1329,2,8870,10453,5100,6665999
1330,2,8870,10453,37209,6670000
1331,2,8870,10453,35207,6671999
1332,3,30409,6734,35208,6671999
1333,1,2218,4523,49974,6685999
1334,1,5069,3719,4816,6697000
1335,1,476,1809,31007,6716999
1336,1,5069,3719,3786,6745000
1337,1,4435,9046,51898,6795000
1338,2,8870,10453,53913,6872999
1339,2,8870,10453,53913,6872999
1340,2,8870,10453,53913,6872999
1341,2,8870,10453,53913,6872999
1342,1,4435,9046,57148,6895999
1343,2,8870,10453,18380,6938999
1344,2,8870,10453,18380,6938999
1345,2,8870,10453,18380,6938999
1346,2,8870,10453,18380,6938999
1347,2,8870,10453,6678,6957000
1348,2,8870,10453,6678,6957000
1349,2,8870,10453,6678,6957000
1350,2,8870,10453,6678,6957000
1351,1,476,1809,34272,6966000
1352,1,1268,2110,30360,7084000
1353,1,1268,2110,30360,7084000
1354,1,2218,2915,59461,7088999
1355,1,4435,9046,58473,7138000
1356,1,1268,2110,30777,7160999
1357,1,1268,2110,30777,7160999
1358,1,476,1809,6650,7161999
