0,1,2559,0,59267,958641
1,2,1226,0,53929,1315364
2,1,1250,0,24217,1340151
3,1,392,0,28618,2282004
4,1,2559,0,54342,2376268
5,1,2091,0,34672,2619773
6,1,3582,0,50031,2717278
7,1,481,0,47225,2791095
8,1,251,0,59421,2799865
9,1,1049,0,51765,3373609
10,1,1250,0,53946,4231256
11,1,419,0,46194,4573758
12,1,4206,0,53826,4574333
13,1,1938,0,53276,4900925
14,1,978,0,53131,5152015
15,1,2559,0,55399,5247571
16,1,858,0,19418,5541889
17,1,669,0,36774,5644493
18,1,911,0,24765,5708224
19,1,858,0,35395,5758435
20,1,5874,0,53908,5794883
21,1,138,0,47789,5817163
22,1,2559,0,53226,5821742
23,1,2559,0,59616,5930658
24,1,251,0,43920,5947173
25,1,688,0,43617,5947173
26,1,251,0,59391,5947173
27,1,881,0,29651,5996452
28,1,430,0,5774,6002039
29,1,1250,0,27937,6002304
30,1,513,0,46055,6002304
31,1,2559,0,44467,6008409
32,1,2559,0,55188,6008410
33,1,513,0,58185,6367372
34,1,2499,0,59291,6370970
35,1,2559,0,45988,6371083
36,1,2559,0,59517,6551109
37,1,4452,0,56630,6769114
38,1,824,0,55331,7175425
39,1,5886,0,21454,7202914
40,1,1250,0,40281,7359884
41,1,768,0,32532,7480476
42,1,1250,0,44395,7768396
43,1,2559,0,47928,7879054
44,1,5622,0,56698,7985873
45,1,1536,0,53773,8465608
46,1,5250,0,24368,8572854
47,1,2559,0,21915,8769814
48,1,2559,0,59034,9203999
49,2,5118,0,58173,9384759
50,1,5928,0,53366,9393791
51,2,1830,0,36903,9801745
52,1,377,0,31284,9926985
53,1,513,0,59340,10014237
54,1,513,0,56178,10024106
55,1,3582,0,26835,10050022
56,1,800,0,59270,10050022
57,1,1250,0,32159,10052970
58,1,921,0,55016,10153172
59,1,251,0,56141,10236810
60,1,921,0,52930,10392732
61,2,2124,0,34485,10597135
