0,1,9432,0,389885,648549
1,1,2706,0,77999,648549
2,3,1154,0,397779,671928
3,2,2271,0,179835,730016
4,1,2559,0,5622837,754401
5,1,830,0,175731,884318
6,1,2559,0,86819,921555
7,1,513,0,2073650,947586
8,1,2103,0,587405,947897
9,1,2100,0,114066,957323
10,1,2559,0,59267,958641
11,1,430,0,1737308,958963
12,1,548,0,2349217,959013
13,1,2649,0,942996,964992
14,1,2061,0,73834,972855
15,2,1770,0,63710,1006941
16,2,7164,0,225525,1014820
17,2,1887,0,69450,1014821
18,1,513,0,896433,1049050
19,1,1176,0,74832,1065337
20,1,513,0,577451,1177234
21,1,677,0,70552,1193285
22,2,1422,0,68889,1231458
23,1,921,0,88891,1256419
24,1,2559,0,88870,1257298
25,2,1226,0,53929,1315364
26,1,648,0,317721,1315364
27,1,2715,0,60020,1315364
28,2,1262,0,60698,1315364
29,1,251,0,204098,1315365
30,1,1250,0,24217,1340151
31,1,2559,0,251409,1340151
32,1,4608,0,779920,1463884
33,4,1929,0,92909,1499771
34,2,3582,0,91126,1554944
35,1,1418,0,111419,1562032
36,1,513,0,912790,1588748
37,1,813,0,76282,1628631
38,1,513,0,171639,1633390
39,2,2166,0,789900,1659671
40,2,1890,0,226803,1715740
41,1,513,0,1486760,1980044
42,1,921,0,2544061,1983159
43,1,921,0,235659,2020264
44,1,921,0,60429,2176945
45,2,1848,0,63927,2190365
46,2,2364,0,65676,2210534
47,1,571,0,80990,2218474
48,1,2559,0,2347151,2226424
49,1,251,0,70559,2232046
50,2,2130,0,396217,2240534
51,1,251,0,354364,2259030
52,1,392,0,28618,2282004
53,2,848,0,136790,2293674
54,1,818,0,1768525,2301982
55,1,2559,0,481930,2376268
56,1,2559,0,54342,2376268
57,1,513,0,170988,2376268
58,2,4968,0,165389,2406891
59,1,2559,0,1964929,2507510
60,1,2091,0,34672,2619773
61,1,1250,0,701859,2686294
62,1,695,0,97299,2703436
63,1,3582,0,50031,2717278
64,1,5202,0,796691,2717278
65,1,825,0,247412,2717278
66,1,287,0,154880,2717278
67,1,2559,0,78397,2717278
68,1,303,0,895682,2717278
69,1,2559,0,3432480,2747325
70,1,2559,0,444700,2765790
71,1,2559,0,926044,2775395
72,1,2559,0,237011,2779766
73,2,1169,0,60847,2779766
74,1,1250,0,67898,2779766
75,1,1674,0,77305,2779766
76,1,1472,0,149997,2780807
77,1,513,0,26230374,2783368
78,1,513,0,71393,2788978
79,1,1653,0,4750528,2790579
80,1,2559,0,62853,2790700
81,1,2559,0,69926,2790700
82,1,481,0,47225,2791095
83,1,61440,0,96696,2791095
84,1,251,0,59421,2799865
85,1,854,0,439175,2803323
86,1,2853,0,223747,2925405
87,1,2559,0,449477,2947109
88,1,2559,0,843016,2976859
89,1,251,0,518314,3138228
90,1,2559,0,125972,3149090
91,1,513,0,213936,3164813
92,1,2559,0,280412,3197494
93,2,7164,0,117566,3266149
94,1,2559,0,124769,3274432
95,1,1049,0,51765,3373609
96,1,513,0,61408,3396950
97,1,2559,0,566034,3400563
98,1,2559,0,170240,3400563
99,1,513,0,873657,3400563
100,1,1902,0,3221197,3405377
101,1,4524,0,121427,3423741
102,1,513,0,1085245,3423741
103,2,4602,0,268012,3424165
104,1,2202,0,67477,3444179
105,1,3312,0,75780,3444492
106,1,1250,0,930674,3447390
107,1,1250,0,587814,3447390
108,1,661,0,186999,3453736
109,1,251,0,66341,3453736
110,1,513,0,474962,3454679
111,2,2559,0,916054,3454679
112,1,2559,0,333917,3454679
113,2,1266,0,2551713,3499740
114,1,827,0,11315063,3509006
115,1,1752,0,165370,3612476
116,1,2559,0,446475,3628462
117,2,7164,0,115521,3700224
118,1,308,0,2188278,3853298
119,1,792,0,872277,3956189
120,1,251,0,655190,3962289
121,1,513,0,139422,3964961
122,1,995,0,110390,4074492
123,1,12792,0,80312,4122426
124,1,2559,0,67312,4141778
125,1,3714,0,12323568,4150838
126,1,6276,0,246285,4224147
127,1,227,0,356188,4231254
128,1,25824,0,77632,4231254
129,2,101,0,84018,4231254
130,1,2559,0,738495,4231254
131,1,2559,0,74297,4231255
132,1,2559,0,374535,4231255
133,1,2559,0,244068,4231256
134,1,1250,0,53946,4231256
135,1,423,0,62692,4231256
136,1,2604,0,92139,4231256
137,2,1665,0,165490,4231256
138,1,4248,0,958351,4231256
139,1,251,0,572894,4281266
140,2,101,0,928202,4287507
141,1,921,0,307017,4337094
142,1,921,0,166385,4369640
143,1,920,0,1973951,4371532
144,1,3600,0,8857716,4423404
145,2,2133,0,67836,4515885
146,1,2559,0,567081,4515886
147,1,800,0,1300073,4560526
148,2,1677,0,78948,4564511
149,1,419,0,46194,4573758
150,1,4206,0,53826,4574333
151,1,1472,0,106187,4635132
152,3,1758,0,576701,4675571
153,1,11268,0,2082705,4707366
154,1,1704,0,63517,4708427
155,1,1250,0,385909,4708427
156,1,4626,0,19525182,4714403
157,1,5166,0,300201,4876129
158,1,1250,0,89624,4900924
159,2,1160,0,105140,4900924
160,1,2559,0,67460,4900925
161,1,513,0,101215,4900925
162,1,1938,0,53276,4900925
163,1,1346,0,7274804,4900926
164,2,1860,0,64972,4900926
165,1,2559,0,77203,4900926
166,1,4230,0,749192,4900926
167,1,2559,0,501789,4900926
168,1,2559,0,184297,4900926
169,1,1250,0,79106,4900927
170,1,648,0,172078,4900927
171,1,1250,0,916855,4902459
172,1,177,0,431769,4944010
173,1,2559,0,60536,4961927
174,1,547,0,73916,4961928
175,1,1863,0,213548,4961928
176,1,3102,0,175520,4961928
177,1,251,0,68720,4961928
178,1,1454,0,251926,4962274
179,2,1295,0,503082,5003528
180,2,4974,0,1319477,5044885
181,1,5058,0,4585751,5057502
182,1,1551,0,67833,5119055
183,1,978,0,53131,5152015
184,1,2559,0,55399,5247571
185,1,2559,0,39790301,5252742
186,1,2559,0,63915,5262011
187,1,2559,0,2030787,5264083
188,1,4014,0,195629,5264083
189,1,1250,0,143267,5294861
190,1,1250,0,253916,5294861
191,2,3582,0,119238,5325048
192,1,1250,0,121869,5339105
193,1,2559,0,123731,5393386
194,1,2559,0,242507,5423157
195,1,858,0,19418,5541889
196,2,21864,0,100270,5547268
197,1,828,0,342466,5591742
198,1,669,0,36774,5644493
199,1,251,0,122588,5645672
200,1,773,0,179935,5670957
201,1,2559,0,180747,5682820
202,1,2559,0,2209215,5684540
203,1,513,0,146440,5684540
204,1,513,0,73698,5696139
205,1,749,0,91761,5696139
206,1,640,0,369761,5696140
207,1,1250,0,66638,5696140
208,2,2007,0,221974,5696647
209,1,911,0,24765,5708224
210,1,858,0,35395,5758435
211,1,1250,0,732866,5758435
212,2,1478,0,4181932,5758435
213,1,2427,0,78165,5781563
214,1,1472,0,64772,5784271
215,1,2877,0,140981,5784557
216,1,5874,0,53908,5794883
217,1,571,0,136026,5802674
218,1,2559,0,100310,5808182
219,2,906,0,121300,5808182
220,2,4116,0,89838,5808182
221,1,2604,0,66246,5808182
222,1,2559,0,1917703,5808332
223,2,7164,0,80170,5808332
224,1,1241,0,74156,5808332
225,1,65,0,1097960,5808332
226,2,1187,0,146301,5808332
227,1,1347,0,88838,5808333
228,1,1782,0,178932,5808333
229,1,406,0,247324,5817163
230,1,138,0,47789,5817163
231,1,7164,0,176460,5817163
232,1,513,0,330767,5817164
233,1,2559,0,61977,5817164
234,2,2535,0,135693,5817164
235,1,513,0,583431,5818993
236,1,1725,0,61224,5818993
237,1,744,0,170575,5818993
238,1,2559,0,83325,5818994
239,1,1250,0,1020394,5821742
240,1,2559,0,53226,5821742
241,2,1494,0,363777,5821742
242,2,101,0,195204,5821742
243,1,1992,0,70218,5821743
244,1,1250,0,218876,5821743
245,1,480,0,132214,5838728
246,1,572,0,853984,5885720
247,2,1485,0,222816,5930657
248,1,770,0,173334,5930657
249,1,2559,0,59616,5930658
250,2,1239,0,146954,5930658
251,1,1014,0,79093,5930658
252,1,1437,0,3090858,5930659
253,2,1077,0,917146,5930659
254,1,490,0,242002,5930659
255,1,4608,0,225574,5931080
256,1,419,0,270448,5933183
257,1,251,0,43920,5947173
258,1,688,0,43617,5947173
259,1,251,0,59391,5947173
260,2,1262,0,216304,5947173
261,1,101,0,893546,5967474
262,2,2916,0,740265,5974854
263,2,2601,0,619217,5974854
264,1,912,0,176268,5985897
265,1,1250,0,130819,5985898
266,1,2559,0,99224,5996451
267,1,2559,0,73365,5996451
268,2,1821,0,531529,5996451
269,1,720,0,249418,5996451
270,2,101,0,768104,5996452
271,1,11268,0,83749,5996452
272,1,827,0,1147955,5996452
273,1,881,0,29651,5996452
274,1,2559,0,136206,5996453
275,1,65,0,81948,5996453
276,1,1110,0,74563,5996453
277,1,79,0,266757,5996693
278,1,10236,0,1115006,6002039
279,1,5250,0,246659,6002039
280,1,430,0,5774,6002039
281,1,1472,0,915995,6002039
282,1,2559,0,62334,6002039
283,1,513,0,1232631,6002039
284,1,1520,0,1114027,6002039
285,1,513,0,914481,6002040
286,1,698,0,69603,6002040
287,1,2559,0,87066,6002040
288,2,1839,0,383977,6002040
289,1,1638,0,2777417,6002041
290,1,2559,0,2830052,6002302
291,2,3021,0,127748,6002302
292,2,1599,0,97000,6002303
293,1,908,0,113044,6002303
294,1,1128,0,70366,6002303
295,1,11268,0,100136,6002303
296,1,673,0,1770887,6002303
297,1,2559,0,514969,6002304
298,1,2559,0,92061,6002304
299,1,2559,0,65502,6002304
300,1,3366,0,622479,6002304
301,1,480,0,221227,6002304
302,1,1085,0,2080151,6002304
303,1,1250,0,27937,6002304
304,1,513,0,46055,6002304
305,1,513,0,227651,6002304
306,3,1572,0,115789,6002304
307,1,2136,0,77401,6002304
308,1,824,0,911148,6002305
309,2,1665,0,64533,6002305
310,2,1254,0,213155,6002305
311,2,8544,0,67261,6002305
312,1,4596,0,3827420,6002306
313,3,1710,0,72451,6002306
314,1,2559,0,705927,6002307
315,1,768,0,1649566,6006650
316,1,1013,0,960599,6008408
317,1,2559,0,44467,6008409
318,1,1025,0,87090,6008409
319,2,2451,0,186487,6008410
320,1,789,0,61830,6008410
321,1,2559,0,55188,6008410
322,1,648,0,3014282,6008410
323,1,251,0,736182,6008410
324,1,2877,0,89815,6008634
325,1,1416,0,522327,6008634
326,1,712,0,211781,6008634
327,2,1860,0,654387,6008635
328,1,3072,0,66094,6008636
329,1,2559,0,254938,6029471
330,1,2559,0,182459,6066384
331,1,6384,0,99584,6096813
332,2,1397,0,172740,6154508
333,1,759,0,130813,6184346
334,2,101,0,434715,6184346
335,1,7164,0,66090,6184347
336,1,800,0,566469,6184704
337,2,2373,0,73855,6223074
338,1,2283,0,746633,6223074
339,1,10236,0,60932,6256410
340,2,101,0,101333,6290516
341,1,2559,0,195599,6290516
342,1,2778,0,562683,6290516
343,1,2559,0,855329,6290516
344,1,4098,0,94084,6311542
345,1,13320,0,214324,6311542
346,1,822,0,104081,6328865
347,2,855,0,1017723,6341462
348,1,2559,0,106200,6362017
349,1,513,0,58185,6367372
350,1,2499,0,59291,6370970
351,1,2559,0,45988,6371083
352,1,2559,0,2906151,6371232
353,1,3024,0,97881,6375173
354,1,797,0,170139,6375173
355,1,2559,0,107295,6395698
356,1,1419,0,1035832,6399198
357,1,513,0,160223,6399198
358,1,813,0,64341,6399198
359,1,1056,0,61002,6402578
360,1,251,0,1540934,6440645
361,1,768,0,92796,6463104
362,1,2559,0,1686659,6480294
363,2,1764,0,269387,6516989
364,1,2559,0,138644,6533777
365,1,2559,0,59517,6551109
366,1,2559,0,191488,6584609
367,1,513,0,824630,6658872
368,1,4452,0,56630,6769114
369,1,768,0,7466826,6842014
370,1,1203,0,88799,6991845
371,1,768,0,101761,6993501
372,1,2559,0,193775,7015494
373,2,1887,0,92606,7061787
374,2,1076,0,118574,7069336
375,1,2559,0,549586,7088272
376,1,839,0,382387,7102046
377,1,414,0,102796,7122076
378,1,824,0,55331,7175425
379,1,1250,0,82023,7202914
380,1,5886,0,21454,7202914
381,1,2559,0,64149,7202914
382,2,101,0,123658,7248244
383,1,2559,0,87865,7297684
384,1,2559,0,511560,7298714
385,2,1956,0,1979758,7298714
386,2,8424,0,2650875,7298793
387,1,11268,0,239821,7298794
388,1,513,0,14788013,7298794
389,1,321,0,221340,7319837
390,1,720,0,2402901,7325362
391,1,912,0,532726,7325363
392,1,2559,0,60555,7326053
393,2,2091,0,154266,7348952
394,1,688,0,154595,7359658
395,1,2400,0,591679,7359884
396,1,2559,0,1733582,7359884
397,1,1250,0,40281,7359884
398,1,911,0,181195,7359884
399,1,2559,0,186253,7386529
400,1,2409,0,75905,7386530
401,1,2559,0,103980,7396431
402,1,768,0,32532,7480476
403,4,1929,0,384326,7482299
404,2,1737,0,314971,7523657
405,1,513,0,413177,7544965
406,1,768,0,77750,7551989
407,1,1614,0,97782,7597145
408,1,18864,0,243250,7622347
409,2,1845,0,61614,7631809
410,1,2559,0,2489422,7631809
411,1,513,0,127905,7652344
412,1,1250,0,44395,7768396
413,1,410,0,150281,7768903
414,1,513,0,209810,7834984
415,1,2559,0,47928,7879054
416,1,410,0,3445899,7879117
417,1,8196,0,75805,7879117
418,1,5622,0,56698,7985873
419,1,797,0,60105,8074527
420,1,2559,0,74283,8074527
421,1,821,0,618941,8112244
422,1,2559,0,207965,8112244
423,2,8988,0,177457,8112244
424,1,2559,0,81207,8112244
425,1,474,0,383590,8159249
426,1,2559,0,90836,8159385
427,1,1371,0,177413,8162274
428,1,2559,0,150218,8166160
429,2,101,0,1625712,8167576
430,1,513,0,702585,8167576
431,1,3582,0,455018,8182104
432,2,1410,0,111524,8218949
433,1,909,0,643154,8219062
434,1,1716,0,131254,8221412
435,1,2559,0,84455,8221412
436,2,1602,0,274084,8221412
437,1,11268,0,190901,8221412
438,1,2559,0,218047,8221413
439,1,3582,0,94208,8221413
440,1,1322,0,108942,8332609
441,1,17304,0,134913,8340698
442,2,3582,0,255765,8357130
443,1,2559,0,103721,8375725
444,1,513,0,1017817,8395803
445,1,1467,0,856427,8422702
446,1,816,0,2116259,8465608
447,1,1536,0,53773,8465608
448,1,2559,0,2536196,8481053
449,1,1683,0,66692,8481053
450,1,1590,0,270172,8488602
451,1,834,0,266049,8488602
452,1,2559,0,197394,8488602
453,1,3432,0,596264,8488602
454,1,1299,0,1439877,8488602
455,1,2559,0,647760,8488752
456,1,6648,0,116183,8488752
457,1,5250,0,24368,8572854
458,1,1391,0,86728,8578743
459,2,2085,0,279070,8760860
460,1,2559,0,1040132,8760860
461,2,899,0,85578,8762709
462,1,1959,0,1804117,8764868
463,1,5304,0,913716,8769814
464,2,1214,0,3606116,8769814
465,1,2559,0,21915,8769814
466,2,1139,0,99809,8769814
467,2,3978,0,244467,8773930
468,1,744,0,170215,8776288
469,1,2277,0,120792,8785668
470,2,2016,0,2745873,8785825
471,5,4692,0,118736,8787030
472,1,1100,0,4358117,8794937
473,2,1472,0,181437,8797198
474,1,1271,0,520546,8797198
475,2,1842,0,117966,8897699
476,1,2559,0,107090,8897699
477,1,1415,0,93371,8906183
478,1,4098,0,128391,9047718
479,2,1422,0,913356,9201102
480,1,2559,0,59034,9203999
481,1,2559,0,170065,9290737
482,2,7164,0,141665,9361996
483,1,513,0,79397,9363118
484,1,911,0,176536,9373111
485,1,1250,0,656715,9375776
486,2,2028,0,2201687,9375776
487,2,855,0,611755,9375868
488,2,14904,0,240103,9376574
489,1,1250,0,77858,9377650
490,1,2559,0,131585,9377650
491,2,5118,0,58173,9384759
492,1,4224,0,114022,9384759
493,2,5094,0,92794,9384759
494,1,13320,0,127941,9393791
495,1,5928,0,53366,9393791
496,1,1394,0,66063,9393791
497,1,2559,0,137473,9393791
498,1,870,0,1070015,9393791
499,1,737,0,231272,9443406
500,1,2559,0,61077,9515257
501,1,1250,0,542262,9517481
502,1,2559,0,98399,9517481
503,1,885,0,71695,9517481
504,1,818,0,606982,9522127
505,2,3582,0,915695,9584633
506,2,8448,0,108172,9626844
507,2,1280,0,499778,9645280
508,2,1755,0,773764,9661062
509,1,308,0,365199,9666703
510,1,251,0,87405,9701108
511,1,768,0,82015,9727420
512,1,2559,0,512315,9750259
513,1,2559,0,313295,9801745
514,1,795,0,661075,9801745
515,2,857,0,83782,9801745
516,2,1830,0,36903,9801745
517,1,890,0,817977,9801745
518,2,1848,0,211620,9801745
519,1,2559,0,638856,9801745
520,1,674,0,227379,9801745
521,2,1280,0,97015,9840172
522,2,1974,0,1050979,9926985
523,2,1230,0,107669,9926985
524,1,941,0,75444,9926985
525,1,377,0,31284,9926985
526,2,1427,0,398259,9926985
527,2,4962,0,5081715,9926985
528,1,547,0,65365,9998404
529,1,513,0,59340,10014237
530,1,513,0,56178,10024106
531,1,1797,0,2785009,10031279
532,1,1250,0,215443,10031279
533,1,2025,0,456666,10031987
534,1,2559,0,430473,10045316
535,1,3582,0,26835,10050022
536,1,1439,0,105089,10050022
537,2,32784,0,850522,10050022
538,1,2559,0,21578428,10050022
539,1,410,0,225110,10050022
540,1,800,0,59270,10050022
541,1,8196,0,139713,10052769
542,1,1250,0,32159,10052970
543,1,1418,0,4037474,10061964
544,1,2559,0,2156887,10094981
545,1,921,0,1916431,10101794
546,1,11268,0,513682,10124431
547,1,1250,0,64275,10125743
548,1,1644,0,783876,10125896
549,1,2559,0,3050856,10125896
550,4,12792,0,2555807,10125897
551,1,2559,0,79254,10125897
552,1,921,0,55016,10153172
553,1,2559,0,856759,10183749
554,1,251,0,56141,10236810
555,1,921,0,84034,10279753
556,1,921,0,73246,10292674
557,1,921,0,60150,10298136
558,1,921,0,2408299,10334929
559,1,921,0,52930,10392732
560,1,1701,0,177314,10404065
561,1,921,0,70148,10411937
562,1,716,0,744465,10438796
563,2,1980,0,122836,10486230
564,1,7164,0,76837,10486230
565,1,420,0,499613,10486230
566,1,2559,0,520943,10486231
567,1,2190,0,72322,10545834
568,1,2559,0,212387,10545923
569,1,2940,0,60775,10557333
570,1,921,0,66830,10561985
571,2,1836,0,210867,10562613
572,4,34128,0,112744,10562613
573,4,2364,0,264343,10562614
574,1,2559,0,79971,10566629
575,2,7164,0,84542,10566629
576,1,2559,0,154108,10567054
577,1,777,0,3487629,10574911
578,2,2124,0,34485,10597135
579,1,23712,0,766827,10597135
580,2,2118,0,127660,10597135
581,1,748,0,116801,10610012
582,1,2559,0,2559052,10610012
583,1,12792,0,3353428,10610012
584,1,1044,0,83879,10610013
585,1,2559,0,163382,10610013
586,1,1250,0,140071,10610013
587,1,748,0,86982,10663637
588,1,554,0,392400,10664365
589,1,819,0,77695,10664365
590,1,251,0,112362,10671221
591,1,7164,0,68997,10719506
592,3,1707,0,417428,10746887
593,1,1208,0,114117,10756790
