0,3,2446,16,139898,600047
1,1,6107,85,294692,600819
2,1,6107,85,167745,603308
3,4,4692,46,65083,604046
4,3,6253,2,308567,604046
5,1,6107,85,254038,604046
6,1,6107,85,560510,604046
7,1,6107,85,227801,604046
8,3,46557,456,249618,605587
9,1,6107,85,255717,605587
10,1,6107,85,255717,605587
11,1,6107,85,284297,607403
12,3,46557,456,309381,608159
13,1,6107,85,262442,608159
14,1,6107,85,250414,608963
15,1,6107,85,175746,608963
16,1,6107,85,247667,609855
17,1,6107,85,256475,610633
18,1,6107,85,480680,610633
19,3,1834,3,254038,612141
20,1,6107,85,255717,612882
21,1,6107,85,252336,612883
22,1,6107,85,309381,612883
23,4,4692,46,270866,613709
24,8,12218,8,250413,613709
25,1,6107,85,246807,613709
26,1,6253,160,288758,613709
27,1,6253,160,247668,613709
28,1,6107,85,377006,613709
29,1,6107,85,247667,613709
30,1,6107,85,254037,616005
31,2,6253,16,389657,617115
32,1,6107,85,288028,617869
33,1,6107,85,310101,618629
34,1,612,1,74348,619396
35,1,6107,85,249618,620142
36,1,6107,85,253184,620934
37,1,6107,85,62183,621638
38,1,6107,85,180023,621639
39,1,6107,85,261411,624892
40,3,2446,16,249617,624893
41,1,6107,85,307093,625598
42,1,6107,85,255717,628470
43,1,6107,85,248814,630985
44,1,6107,85,291106,632499
45,1,6107,85,71511,632499
46,1,6107,85,277753,632499
47,1,6107,85,295412,632499
48,1,1223,4,258148,633214
49,2,4424,3,84313,633230
50,1,6107,85,311524,634659
51,1,6107,85,223478,636219
52,1,6107,85,296185,637870
53,2,2689,8,249616,638800
54,1,6107,85,270865,639063
55,1,6107,85,378798,640263
56,1,6107,85,359684,641113
57,1,6107,85,169333,641113
58,1,6107,85,126937,641114
59,1,6253,5,376981,641927
60,1,6107,85,279099,641936
61,1,6107,85,275299,643537
62,1,6107,85,355805,643538
63,1,6107,85,273421,644418
64,1,6107,85,279099,645132
65,1,6107,85,284526,646636
66,2,8136,16,270897,647469
67,2,8136,16,280679,647469
68,2,8136,16,269428,647469
69,2,8136,16,355805,647469
70,2,8136,16,267964,647469
71,2,8136,16,267963,647469
72,1,6107,85,270154,648246
73,3,2446,16,289668,648247
74,1,6107,85,267131,649030
75,1,6107,85,270154,649030
76,2,6253,16,271762,653284
77,1,6107,85,356526,654992
78,1,6107,85,279099,655743
79,1,6107,85,267131,655743
80,1,6107,85,276179,657286
81,1,6107,85,270896,661436
82,1,6107,85,356526,663077
83,1,6107,85,251499,663078
84,1,6107,85,269427,663883
85,3,40659,16,269428,664711
86,1,6107,85,274171,664717
87,1,6107,85,285293,664717
88,1,6107,85,275299,666234
89,1,6107,85,249616,666234
90,1,6107,85,282226,666987
91,1,6107,85,283002,666987
92,1,6107,85,282227,668576
93,4,4692,46,274171,668576
94,1,6107,85,355804,668576
95,1,6253,160,271761,669326
96,1,6107,85,267963,669326
97,1,6107,85,304843,669327
98,1,6107,85,276868,669327
99,3,2446,16,246754,670481
100,1,6107,85,252333,671589
101,1,6107,85,262267,671589
102,1,6107,85,247510,671589
103,1,6107,85,276180,672359
104,1,6107,85,253247,673065
105,1,6107,85,262266,674496
106,1,6107,85,74345,674497
107,1,6107,85,26729,675968
108,1,6107,85,213969,675969
109,2,13130,152,9037,680344
110,1,1564,4,254019,680349
111,1,6107,85,253247,680356
112,0,62,0,252517,684102
113,1,6107,85,260816,684886
114,2,6253,16,292626,686314
115,3,1039,2,250392,688545
116,1,6107,85,75606,688550
117,1,6107,85,276999,688550
118,1,6107,85,253246,688550
119,2,34320,144,271761,691232
120,1,6107,85,285292,691890
121,1,6107,85,76750,691890
122,1,6253,160,292626,691891
123,3,61440,152,280110,691891
124,1,6107,85,255088,693629
125,1,6107,85,256450,693629
126,1,6107,85,262267,693629
127,3,6253,152,244415,695219
128,1,6107,85,247509,695224
129,1,6107,85,259731,695225
130,1,6107,85,262266,696907
131,1,6107,85,244415,696907
132,1,12505,2,39307,696908
133,1,6107,85,260026,697693
134,1,6107,85,246753,699280
135,1,6107,85,268754,699280
136,1,6107,85,182908,699280
137,1,6107,85,209577,700136
138,1,6107,85,259729,700136
139,1,6107,85,247664,700136
140,1,6107,85,256472,700889
141,1,6107,85,262438,701671
142,1,6253,160,74344,702386
143,1,6107,85,258146,704660
144,1,6107,85,273988,704660
145,1,6107,85,260797,706748
146,6,25009,7,252333,707483
147,1,734,18,290296,707502
148,3,2446,18,315705,707506
149,1,1100,18,247664,707509
150,2,13130,152,281599,707511
151,1,6107,85,275481,709655
152,1,6107,85,319655,710457
153,1,6107,85,202038,711770
154,1,6107,85,182605,711770
155,4,4692,46,377003,711770
156,2,9383,8,21324,712527
157,1,6107,85,115470,712548
158,1,6107,85,110776,714612
159,1,6107,85,251497,715442
160,1,6107,85,111529,715442
161,3,4892,8,110776,716217
162,3,4892,8,112287,717004
163,1,6107,85,324556,717009
164,3,4892,8,258145,717778
165,1,6107,85,248810,718537
166,1,6107,85,110776,719261
167,1,6107,85,111529,719261
168,1,6253,160,112969,719261
169,1,6107,85,110064,719935
170,1,6107,85,277750,719936
171,2,4424,2,308564,720665
172,1,6107,85,110065,720670
173,1,6107,85,115470,720670
174,1,6107,85,111530,721387
175,1,6107,85,112969,722802
176,1,6107,85,114763,722802
177,3,2446,16,111529,722802
178,1,6107,85,13438,724214
179,1,6107,85,111529,724958
180,1,3127,3,17951,724958
181,1,337,4,263186,725983
182,1,6107,85,42227,726649
183,1,6107,85,110776,728924
184,1,6107,85,275480,729686
185,1,6107,85,310627,731977
186,1,6107,85,115469,732722
187,1,6107,85,3648,732723
188,1,6107,85,114762,733465
189,1,6107,85,110775,733465
190,1,6107,85,195741,733466
191,1,6107,85,109400,734192
192,1,6107,85,108565,735700
193,1,6107,85,26431,736667
194,2,31297,152,110063,737380
195,3,12815,62,112967,737381
196,1,6107,85,33289,738078
197,1,6107,85,114762,738078
198,1,6107,85,277453,741671
199,1,6107,85,113729,743908
200,3,18769,46,110775,744701
201,1,6107,85,397055,744884
202,1,6253,160,110063,744884
203,1,6253,160,113728,744884
204,1,6107,85,114762,745658
205,1,6107,85,110063,746774
206,1,6107,85,40757,746774
207,1,6107,85,63187,748292
208,1,6107,85,3680,748292
209,4,4692,46,520751,754670
210,1,6107,85,22637,754670
211,1,6107,85,207833,755406
212,3,2446,16,223729,755406
213,1,18769,16,222171,757925
214,1,734,18,222942,757952
215,2,13130,152,219857,757955
216,2,13130,152,165993,757955
217,2,13130,152,172973,757955
218,2,13130,152,165259,757955
219,2,13130,152,161468,757955
220,2,13130,152,234877,757955
221,2,13130,152,165258,757955
222,2,13130,152,211892,757955
223,2,13130,152,152665,757955
224,2,13130,152,237392,757955
225,2,13130,152,164510,757955
226,2,13130,152,236643,757955
227,2,13130,152,170171,757955
228,2,13130,152,239808,757955
229,2,13130,152,262951,757955
230,2,13130,152,178076,757955
231,2,13130,152,180026,757955
232,2,13130,152,209705,757955
233,2,13130,152,239808,757955
234,2,13130,152,236643,757955
235,2,13130,152,184758,757955
236,2,13130,152,242211,757955
237,2,13130,152,169010,757955
238,2,13130,152,159130,757955
239,2,13130,152,166739,757955
240,2,13130,152,173744,757955
241,2,13130,152,205717,757955
242,2,13130,152,173744,757955
243,2,13130,152,166739,757955
244,2,13130,152,144809,757955
245,2,13130,152,145694,757955
246,2,13130,152,232139,757955
247,2,13130,152,162935,757955
248,2,13130,152,162935,757955
249,2,13130,152,164508,757955
250,2,13130,152,160673,757955
251,2,13130,152,163676,757955
252,2,13130,152,160673,757955
253,2,13130,152,528377,757955
254,2,13130,152,204215,757955
255,2,13130,152,165258,757955
256,2,13130,152,526051,757955
257,2,13130,152,89963,757955
258,2,13130,152,212871,757955
259,2,13130,152,115897,757955
260,2,13130,152,194512,757955
261,2,13130,152,160674,757955
262,2,13130,152,162934,757955
263,2,13130,152,183939,757955
264,2,13130,152,172972,757955
265,2,13130,152,166737,757955
266,2,13130,152,163676,757955
267,2,13130,152,162189,757955
268,2,13130,152,183097,757955
269,2,13130,152,166737,757955
270,2,13130,152,178901,757955
271,2,13130,152,529188,757955
272,2,13130,152,165992,757955
273,2,13130,152,192451,757955
274,2,13130,152,122470,757955
275,2,13130,152,110416,757955
276,2,13130,152,166737,757955
277,2,13130,152,162188,757955
278,2,13130,152,230844,757955
279,2,13130,152,162188,757955
280,2,13130,152,195360,757955
281,2,13130,152,163676,757955
282,2,13130,152,183098,757955
283,2,13130,152,183096,757955
284,2,13130,152,236641,757955
285,2,13130,152,183937,757955
286,2,13130,152,165257,757955
287,2,13130,152,163675,757955
288,2,13130,152,163676,757955
289,2,13130,152,164507,757955
290,2,13130,152,159883,757955
291,2,13130,152,166736,757955
292,2,13130,152,163675,757955
293,2,13130,152,241403,757955
294,2,13130,152,178899,757955
295,2,13130,152,165991,757955
296,2,13130,152,165991,757955
297,2,13130,152,162933,757955
298,2,13130,152,178074,757955
299,2,13130,152,160672,757955
300,2,13130,152,238938,757955
301,2,13130,152,162933,757955
302,2,13130,152,235621,757955
303,2,13130,152,163676,757955
304,2,13130,152,240530,757955
305,2,13130,152,193188,757955
306,2,13130,152,174613,757955
307,2,13130,152,178900,757955
308,2,13130,152,176421,757955
309,2,13130,152,183095,757955
310,2,13130,152,195359,757955
311,2,13130,152,173743,757955
312,2,13130,152,172971,757955
313,2,13130,152,172972,757955
314,2,13130,152,166737,757955
315,2,13130,152,169008,757955
316,2,13130,152,174613,757955
317,2,13130,152,178898,757955
318,2,13130,152,235620,757955
319,2,13130,152,213355,757955
320,2,13130,152,165990,757955
321,2,13130,152,165990,757955
322,2,13130,152,176419,757955
323,2,13130,152,183095,757955
324,2,13130,152,163674,757955
325,2,13130,152,180022,757955
326,2,13130,152,161465,757955
327,2,13130,152,238125,757955
328,2,13130,152,189877,757955
329,2,13130,152,164507,757955
330,2,13130,152,237389,757955
331,2,13130,152,162186,757955
332,2,13130,152,160671,757955
333,2,13130,152,172971,757955
334,2,13130,152,174611,757955
335,2,13130,152,163675,757955
336,2,13130,152,164507,757955
337,2,13130,152,162932,757955
338,2,13130,152,163674,757955
339,2,13130,152,160671,757955
340,2,13130,152,14610,757955
341,2,13130,152,164506,757955
342,2,13130,152,175393,757955
343,2,13130,152,159882,757955
344,2,13130,152,175393,757955
345,2,13130,152,163675,757955
346,2,13130,152,165256,757955
347,2,13130,152,185533,757955
348,2,13130,152,163675,757955
349,2,13130,152,239805,757955
350,2,13130,152,166735,757955
351,2,13130,152,163674,757955
352,2,13130,152,160670,757955
353,2,13130,152,166734,757955
354,2,13130,152,160670,757955
355,2,13130,152,172969,757955
356,2,13130,152,210426,757955
357,2,13130,152,165989,757955
358,2,13130,152,181637,757955
359,2,13130,152,192447,757955
360,2,13130,152,163673,757955
361,2,13130,152,236639,757955
362,2,13130,152,165255,757955
363,2,13130,152,178897,757955
364,2,13130,152,162185,757955
365,2,13130,152,165989,757955
366,2,13130,152,163673,757955
367,2,13130,152,180855,757955
368,2,13130,152,180855,757955
369,2,13130,152,160670,757955
370,2,13130,152,161464,757955
371,2,13130,152,159881,757955
372,2,13130,152,161464,757955
373,2,13130,152,172969,757955
374,2,13130,152,164505,757955
375,2,13130,152,180855,757955
376,2,13130,152,162931,757955
377,2,13130,152,162931,757955
378,2,13130,152,234873,757955
379,2,13130,152,160670,757955
380,2,13130,152,164506,757955
381,2,13130,152,287998,757955
382,2,13130,152,166735,757955
383,2,13130,152,235619,757955
384,2,13130,152,180022,757955
385,2,13130,152,173741,757955
386,2,13130,152,174610,757955
387,2,13130,152,163673,757955
388,2,13130,152,162185,757955
389,2,13130,152,189113,757955
390,2,13130,152,196847,757955
391,2,13130,152,182394,757955
392,2,13130,152,178896,757955
393,2,13130,152,181635,757955
394,2,13130,152,164504,757955
395,2,13130,152,172968,757955
396,2,13130,152,180854,757955
397,2,13130,152,183093,757955
398,2,13130,152,165254,757955
399,2,13130,152,163673,757955
400,2,13130,152,170166,757955
401,2,13130,152,234872,757955
402,2,13130,152,284747,757955
403,2,13130,152,159881,757955
404,2,13130,152,162930,757955
405,2,13130,152,172968,757955
406,2,13130,152,415596,757955
407,2,13130,152,173750,757955
408,2,13130,152,175402,757955
409,2,13130,152,175402,757955
410,2,13130,152,161474,757955
411,2,13130,152,163683,757955
412,2,13130,152,157294,757955
413,2,13130,152,460731,757955
414,2,13130,152,169017,757955
415,2,13130,152,170178,757955
416,2,13130,152,172979,757955
417,2,13130,152,174621,757955
418,2,13130,152,451730,757955
419,2,13130,152,174621,757955
420,2,13130,152,526057,757955
421,2,13130,152,169016,757955
422,2,13130,152,175402,757955
423,2,13130,152,169016,757955
424,2,13130,152,161474,757955
425,2,13130,152,172977,757955
426,2,13130,152,170176,757955
427,2,13130,152,162940,757955
428,2,13130,152,175401,757955
429,2,13130,152,172977,757955
430,2,13130,152,162195,757955
431,2,13130,152,167510,757955
432,2,13130,152,159135,757955
433,2,13130,152,172978,757955
434,2,13130,152,165998,757955
435,2,13130,152,462106,757955
436,2,13130,152,173749,757955
437,2,13130,152,526879,757955
438,2,13130,152,170176,757955
439,2,13130,152,167509,757955
440,2,13130,152,166743,757955
441,2,13130,152,173749,757955
442,2,13130,152,170176,757955
443,2,13130,152,170177,757955
444,2,13130,152,427843,757955
445,2,13130,152,439079,757955
446,2,13130,152,169015,757955
447,2,13130,152,172978,757955
448,2,13130,152,169014,757955
449,2,13130,152,170176,757955
450,2,13130,152,174619,757955
451,2,13130,152,168281,757955
452,2,13130,152,169015,757955
453,2,13130,152,174620,757955
454,2,13130,152,526879,757955
455,2,13130,152,170177,757955
456,2,13130,152,461401,757955
457,2,13130,152,159134,757955
458,2,13130,152,291841,757955
459,2,13130,152,460731,757955
460,2,13130,152,174618,757955
461,2,13130,152,169015,757955
462,2,13130,152,166743,757955
463,2,13130,152,159133,757955
464,2,13130,152,165997,757955
465,2,13130,152,169015,757955
466,2,13130,152,132937,757955
467,2,13130,152,161472,757955
468,2,13130,152,172978,757955
469,2,13130,152,162194,757955
470,2,13130,152,172977,757955
471,2,13130,152,168280,757955
472,2,13130,152,170175,757955
473,2,13130,152,169014,757955
474,2,13130,152,170176,757955
475,2,13130,152,172977,757955
476,2,13130,152,172977,757955
477,2,13130,152,86195,757955
478,2,13130,152,181396,757955
479,2,13130,152,79190,757955
480,2,13130,152,384257,757955
481,2,13130,152,178866,757955
482,2,13130,152,423911,757955
483,2,13130,152,178866,757955
484,2,13130,152,87065,757955
485,2,13130,152,180333,757955
486,2,13130,152,82623,757955
487,2,13130,152,82623,757955
488,2,13130,152,159629,757955
489,2,13130,152,161080,757955
490,2,13130,152,160394,757955
491,2,13130,152,73101,757955
492,2,13130,152,83387,757955
493,2,13130,152,86960,757955
494,2,13130,152,80721,757955
495,2,13130,152,159653,757955
496,2,13130,152,424694,757955
497,2,13130,152,86188,757955
498,2,13130,152,160394,757955
499,2,13130,152,82226,757955
500,2,13130,152,431248,757955
501,2,13130,152,160394,757955
502,2,13130,152,82227,757955
503,2,13130,152,159653,757955
504,2,13130,152,86960,757955
505,2,13130,152,83388,757955
506,2,13130,152,81491,757955
507,2,13130,152,75405,757955
508,2,13130,152,160393,757955
509,2,13130,152,161080,757955
510,2,13130,152,83387,757955
511,2,13130,152,161079,757955
512,2,13130,152,161080,757955
513,2,13130,152,87830,757955
514,2,13130,152,159652,757955
515,2,13130,152,71247,757955
516,2,13130,152,158612,757955
517,2,13130,152,86188,757955
518,2,13130,152,87829,757955
519,2,13130,152,79954,757955
520,2,13130,152,158613,757955
521,2,13130,152,87830,757955
522,2,13130,152,159652,757955
523,2,13130,152,86188,757955
524,2,13130,152,86188,757955
525,2,13130,152,70502,757955
526,2,13130,152,70502,757955
527,2,13130,152,161078,757955
528,2,13130,152,161079,757955
529,2,13130,152,216752,757955
530,2,13130,152,83386,757955
531,2,13130,152,168277,757955
532,2,13130,152,175398,757955
533,2,13130,152,172975,757955
534,2,13130,152,172974,757955
535,2,13130,152,106585,757955
536,2,13130,152,306051,757955
537,2,13130,152,96311,757955
538,2,13130,152,94270,757955
539,2,13130,152,204123,757955
540,2,13130,152,93713,757955
541,2,13130,152,208468,757955
542,2,13130,152,105435,757955
543,2,13130,152,206270,757955
544,2,13130,152,207700,757955
545,2,13130,152,109398,757955
546,2,13130,152,111039,757955
547,2,13130,152,207700,757955
548,2,13130,152,206271,757955
549,2,13130,152,206998,757955
550,2,13130,152,110169,757955
551,2,13130,152,111821,757955
552,2,13130,152,205370,757955
553,2,13130,152,206998,757955
554,2,13130,152,206271,757955
555,2,13130,152,462477,757955
556,2,13130,152,207700,757955
557,2,13130,152,208468,757955
558,2,13130,152,97099,757955
559,2,13130,152,206271,757955
560,2,13130,152,106596,757955
561,2,13130,152,206998,757955
562,2,13130,152,111039,757955
563,2,13130,152,96311,757955
564,2,13130,152,206271,757955
565,2,13130,152,205370,757955
566,2,13130,152,110169,757955
567,2,13130,152,206998,757955
568,2,13130,152,106597,757955
569,2,13130,152,207700,757955
570,2,13130,152,103929,757955
571,2,13130,152,111821,757955
572,2,13130,152,206271,757955
573,2,13130,152,109397,757955
574,2,13130,152,206997,757955
575,2,13130,152,110168,757955
576,2,13130,152,206997,757955
577,2,13130,152,110169,757955
578,2,13130,152,466548,757955
579,2,13130,152,208467,757955
580,2,13130,152,570726,757955
581,2,13130,152,205369,757955
582,2,13130,152,206270,757955
583,2,13130,152,206997,757955
584,2,13130,152,162190,757955
585,2,13130,152,167506,757955
586,2,13130,152,169011,757955
587,2,13130,152,172974,757955
588,2,13130,152,174616,757955
589,2,13130,152,481535,757955
590,2,13130,152,173745,757955
591,2,13130,152,169011,757955
592,2,13130,152,173746,757955
593,2,13130,152,462863,757955
594,2,13130,152,166738,757955
595,2,13130,152,212005,757955
596,2,13130,152,38106,757955
597,2,13130,152,185406,757955
598,2,13130,152,196736,757955
599,2,13130,152,131280,757955
600,2,13130,152,435097,757955
601,2,13130,152,185405,757955
602,2,13130,152,184611,757955
603,2,13130,152,152268,757955
604,2,13130,152,170158,757955
605,2,13130,152,515346,757955
606,2,13130,152,153017,757955
607,2,13130,152,196736,757955
608,2,13130,152,151436,757955
609,2,13130,152,155264,757955
610,2,13130,152,516947,757955
611,2,13130,152,170158,757955
612,2,13130,152,542681,757955
613,2,13130,152,431246,757955
614,2,13130,152,472842,757955
615,2,13130,152,162374,757955
616,2,13130,152,174933,757955
617,2,13130,152,151436,757955
618,2,13130,152,115790,757955
619,2,13130,152,499403,757955
620,2,13130,152,156769,757955
621,2,13130,152,171698,757955
622,2,13130,152,187004,757955
623,2,13130,152,150695,757955
624,2,13130,152,153752,757955
625,2,13130,152,169400,757955
626,2,13130,152,150694,757955
627,2,13130,152,164182,757955
628,2,13130,152,87758,757955
629,2,13130,152,153752,757955
630,2,13130,152,166660,757955
631,2,13130,152,167784,757955
632,2,13130,152,251697,757955
633,2,13130,152,151436,757955
634,2,13130,152,164181,757955
635,2,13130,152,466685,757955
636,2,13130,152,198187,757955
637,2,13130,152,199757,757955
638,2,13130,152,155263,757955
639,2,13130,152,151435,757955
640,2,13130,152,151435,757955
641,2,13130,152,198187,757955
642,2,13130,152,485621,757955
643,2,13130,152,151435,757955
644,2,13130,152,197463,757955
645,2,13130,152,179485,757955
646,2,13130,152,170855,757955
647,2,13130,152,363239,757955
648,2,13130,152,152268,757955
649,2,13130,152,154496,757955
650,2,13130,152,155263,757955
651,2,13130,152,169399,757955
652,2,13130,152,151436,757955
653,2,13130,152,164181,757955
654,2,13130,152,169398,757955
655,2,13130,152,198972,757955
656,2,13130,152,154497,757955
657,2,13130,152,156769,757955
658,2,13130,152,156034,757955
659,2,13130,152,149947,757955
660,2,13130,152,152268,757955
661,2,13130,152,168618,757955
662,2,13130,152,587595,757955
663,2,13130,152,513009,757955
664,2,13130,152,172516,757955
665,2,13130,152,171697,757955
666,2,13130,152,425473,757955
667,2,13130,152,152267,757955
668,2,13130,152,156768,757955
669,2,13130,152,174930,757956
670,2,13130,152,170155,757956
671,2,13130,152,197463,757956
672,2,13130,152,169397,757956
673,2,13130,152,153750,757956
674,2,13130,152,151435,757956
675,2,13130,152,165833,757956
676,2,13130,152,165831,757956
677,2,13130,152,154496,757956
678,2,13130,152,155262,757956
679,2,13130,152,65560,757956
680,2,13130,152,155261,757956
681,2,13130,152,15596,757956
682,2,13130,152,72693,757956
683,2,13130,152,155262,757956
684,2,13130,152,391557,757956
685,2,13130,152,68904,757956
686,2,13130,152,73448,757956
687,2,13130,152,98430,757956
688,2,13130,152,118362,757956
689,2,13130,152,269208,757956
690,2,13130,152,309791,757956
691,2,13130,152,173220,757956
692,2,13130,152,176956,757956
693,2,13130,152,163577,757956
694,2,13130,152,173975,757956
695,2,13130,152,176956,757956
696,2,13130,152,176875,757956
697,2,13130,152,174690,757956
698,2,13130,152,176955,757956
699,2,13130,152,152266,757956
700,2,13130,152,174690,757956
701,2,13130,152,174690,757956
702,2,13130,152,235630,757956
703,2,13130,152,151434,757956
704,2,13130,152,156032,757956
705,2,13130,152,176956,757956
706,2,13130,152,174690,757956
707,2,13130,152,166658,757956
708,2,13130,152,175435,757956
709,2,13130,152,176955,757956
710,2,13130,152,173219,757956
711,2,13130,152,177672,757956
712,2,13130,152,163152,757956
713,2,13130,152,176192,757956
714,2,13130,152,170155,757956
715,2,13130,152,176192,757956
716,2,13130,152,162371,757956
717,2,13130,152,176192,757956
718,2,13130,152,196732,757956
719,2,13130,152,163152,757956
720,2,13130,152,154494,757956
721,2,13130,152,179483,757956
722,2,13130,152,176956,757956
723,2,13130,152,151433,757956
724,2,13130,152,150692,757956
725,2,13130,152,175434,757956
726,2,13130,152,174930,757956
727,2,13130,152,176955,757956
728,2,13130,152,173219,757956
729,2,13130,152,170155,757956
730,2,13130,152,175435,757956
731,2,13130,152,176192,757956
732,2,13130,152,163151,757956
733,2,13130,152,427838,757956
734,2,13130,152,175434,757956
735,2,13130,152,174690,757956
736,2,13130,152,155260,757956
737,2,13130,152,516943,757956
738,2,13130,152,176956,757956
739,2,13130,152,176192,757956
740,2,13130,152,517879,757956
741,2,13130,152,156766,757956
742,2,13130,152,198185,757956
743,2,13130,152,155260,757956
744,2,13130,152,155260,757956
745,2,13130,152,153014,757956
746,2,13130,152,154494,757956
747,2,13130,152,156765,757956
748,2,13130,152,152265,757956
749,2,13130,152,156031,757956
750,2,13130,152,172514,757956
751,2,13130,152,153013,757956
752,2,13130,152,149944,757956
753,2,13130,152,152265,757956
754,2,13130,152,152265,757956
755,2,13130,152,153013,757956
756,2,13130,152,154494,757956
757,2,13130,152,162370,757956
758,2,13130,152,162370,757956
759,2,13130,152,191239,757956
760,2,13130,152,156765,757956
761,2,13130,152,155260,757956
762,2,13130,152,155260,757956
763,2,13130,152,42223,757956
764,2,13130,152,150690,757956
765,2,13130,152,154494,757956
766,2,13130,152,197460,757956
767,2,13130,152,150691,757956
768,2,13130,152,172513,757956
769,2,13130,152,22675,757956
770,2,13130,152,176872,757956
771,2,13130,152,153012,757956
772,2,13130,152,153013,757956
773,2,13130,152,154493,757956
774,2,13130,152,516132,757956
775,2,13130,152,152264,757956
776,2,13130,152,168613,757956
777,2,13130,152,266231,757956
778,2,13130,152,156763,757956
779,2,13130,152,183114,757956
780,2,13130,152,167780,757956
781,2,13130,152,271360,757956
782,2,13130,152,166655,757956
783,2,13130,152,156030,757956
784,2,13130,152,152264,757956
785,2,13130,152,150689,757956
786,2,13130,152,156764,757956
787,2,13130,152,163151,757956
788,2,13130,152,80078,757956
789,2,13130,152,152264,757956
790,2,13130,152,149222,757956
791,2,13130,152,163150,757956
792,2,13130,152,153747,757956
793,2,13130,152,181681,757956
794,2,13130,152,127990,757956
795,2,13130,152,186714,757956
796,2,13130,152,264561,757956
797,2,13130,152,389022,757956
798,2,13130,152,109198,757956
799,2,13130,152,70095,757956
800,2,13130,152,65546,757956
801,2,13130,152,69372,757956
802,2,13130,152,67807,757956
803,2,13130,152,67807,757956
804,2,13130,152,64073,757956
805,2,13130,152,69372,757956
806,2,13130,152,196404,757956
807,2,13130,152,64785,757956
808,2,13130,152,68572,757956
809,2,13130,152,177309,757956
810,2,13130,152,256531,757956
811,2,13130,152,68572,757956
812,2,13130,152,67808,757956
813,2,13130,152,67028,757956
814,2,13130,152,62599,757956
815,2,13130,152,423905,757956
816,2,13130,152,400013,757956
817,2,13130,152,412885,757956
818,2,13130,152,65546,757956
819,2,13130,152,71752,757956
820,2,13130,152,66300,757956
821,2,13130,152,65546,757956
822,2,13130,152,68572,757956
823,2,13130,152,68572,757956
824,2,13130,152,68573,757956
825,2,13130,152,40497,757956
826,2,13130,152,67026,757956
827,2,13130,152,62598,757956
828,2,13130,152,70872,757956
829,2,13130,152,69371,757956
830,2,13130,152,64072,757956
831,2,13130,152,68572,757956
832,2,13130,152,69370,757956
833,2,13130,152,51024,757956
834,2,13130,152,69371,757956
835,2,13130,152,67806,757956
836,2,13130,152,65727,757956
837,2,13130,152,25806,757956
838,2,13130,152,394616,757956
839,2,13130,152,79366,757956
840,2,13130,152,76993,757956
841,2,13130,152,68994,757956
842,2,13130,152,64785,757956
843,2,13130,152,64785,757956
844,2,13130,152,68572,757956
845,2,13130,152,14454,757956
846,2,13130,152,72573,757956
847,2,13130,152,82597,757956
848,2,13130,152,68571,757956
849,2,13130,152,47261,757956
850,2,13130,152,78575,757956
851,2,13130,152,38688,757956
852,2,13130,152,506341,757956
853,2,13130,152,71753,757956
854,2,13130,152,66470,757956
855,2,13130,152,427519,757956
856,2,13130,152,99650,757956
857,2,13130,152,380109,757956
858,2,13130,152,23322,757956
859,2,13130,152,7597,757956
860,2,13130,152,19154,757956
861,2,13130,152,66468,757956
862,2,13130,152,19583,757956
863,2,13130,152,73305,757956
864,2,13130,152,66469,757956
865,2,13130,152,225081,757956
866,2,13130,152,107022,757956
867,2,13130,152,100415,757956
868,2,13130,152,115839,757956
869,2,13130,152,77798,757956
870,2,13130,152,77799,757956
871,2,13130,152,71752,757956
872,2,13130,152,69743,757956
873,2,13130,152,74012,757956
874,2,13130,152,74671,757956
875,2,13130,152,81943,757956
876,2,13130,152,66469,757956
877,2,13130,152,66469,757956
878,2,13130,152,77798,757956
879,2,13130,152,532121,757956
880,2,13130,152,71752,757956
881,2,13130,152,24254,757956
882,2,13130,152,8618,757956
883,2,13130,152,195748,757956
884,2,13130,152,14293,757956
885,2,13130,152,74671,757956
886,2,13130,152,67333,757956
887,2,13130,152,78574,757956
888,2,13130,152,560203,757956
889,2,13130,152,227902,757956
890,2,13130,152,1574,757956
891,2,13130,152,566257,757956
892,2,13130,152,226375,757956
893,2,13130,152,510986,757956
894,2,13130,152,261584,757956
895,2,13130,152,503402,757956
896,2,13130,152,22938,757956
897,2,13130,152,543649,757956
898,2,13130,152,17103,757956
899,2,13130,152,227152,757956
900,2,13130,152,23567,757956
901,2,13130,152,558827,757956
902,2,13130,152,323507,757956
903,2,13130,152,227902,757956
904,2,13130,152,225593,757956
905,2,13130,152,351661,757956
906,2,13130,152,326092,757956
907,2,13130,152,392539,757956
908,2,13130,152,227902,757956
909,2,13130,152,227902,757956
910,2,13130,152,226375,757956
911,2,13130,152,227152,757956
912,2,13130,152,337476,757956
913,2,13130,152,370791,757956
914,2,13130,152,227152,757956
915,2,13130,152,532120,757956
916,2,13130,152,559497,757956
917,2,13130,152,599297,757956
918,2,13130,152,158761,757956
919,2,13130,152,528688,757956
920,2,13130,152,564242,757956
921,2,13130,152,29319,757956
922,2,13130,152,4243,757956
923,2,13130,152,518573,757956
924,2,13130,152,227902,757956
925,2,13130,152,227151,757956
926,2,13130,152,226376,757956
927,2,13130,152,533928,757956
928,2,13130,152,48950,757956
929,2,13130,152,553080,757956
930,2,13130,152,339959,757956
931,2,13130,152,574264,757956
932,2,13130,152,299689,757956
933,2,13130,152,536416,757956
934,2,13130,152,498113,757956
935,2,13130,152,567849,757956
936,2,13130,152,523517,757956
937,2,13130,152,331617,757956
938,2,13130,152,21374,757956
939,2,13130,152,24581,757956
940,2,13130,152,307701,757956
941,2,13130,152,348051,757956
942,2,13130,152,58879,757956
943,2,13130,152,187445,757956
944,2,13130,152,415201,757956
945,2,13130,152,7958,757956
946,2,13130,152,308563,757956
947,2,13130,152,143142,757956
948,2,13130,152,19008,757956
949,2,13130,152,76170,757956
950,2,13130,152,585801,757956
951,2,13130,152,22098,757956
952,2,13130,152,104453,757956
953,2,13130,152,384999,757956
954,2,13130,152,67,757956
955,2,13130,152,27893,757956
956,2,13130,152,120173,757956
957,2,13130,152,302905,757956
958,2,13130,152,519351,757956
959,2,13130,152,49335,757956
960,2,13130,152,19399,757956
961,2,13130,152,129262,757956
962,2,13130,152,76484,757956
963,2,13130,152,190288,757956
964,2,13130,152,61511,757956
965,2,13130,152,59221,757956
966,2,13130,152,65168,757956
967,2,13130,152,14541,757956
968,2,13130,152,19760,757956
969,2,13130,152,131594,757956
970,2,13130,152,582919,757956
971,2,13130,152,49748,757956
972,2,13130,152,534719,757956
973,2,13130,152,29573,757956
974,2,13130,152,316856,757956
975,2,13130,152,1610,757956
976,2,13130,152,8111,757956
977,2,13130,152,503398,757956
978,2,13130,152,31378,757956
979,2,13130,152,45344,757956
980,2,13130,152,32193,757956
981,2,13130,152,530043,757956
982,2,13130,152,541071,757957
983,2,13130,152,594315,757957
984,2,13130,152,1522,757957
985,2,13130,152,259935,757957
986,2,13130,152,212123,757957
987,2,13130,152,157994,757957
988,2,13130,152,504924,757957
989,2,13130,152,214051,757957
990,2,13130,152,11628,757957
991,2,13130,152,129859,757957
992,2,13130,152,101471,757957
993,2,13130,152,75649,757957
994,2,13130,152,85598,757957
995,2,13130,152,524437,757957
996,2,13130,152,82364,757957
997,2,13130,152,93136,757957
998,2,13130,152,105861,757957
999,2,13130,152,66386,757957
1000,2,13130,152,278976,757957
1001,2,13130,152,251507,757957
1002,2,13130,152,264873,757957
1003,2,13130,152,258287,757957
1004,2,13130,152,243626,757957
1005,2,13130,152,252279,757957
1006,2,13130,152,81823,757957
1007,2,13130,152,254234,757957
1008,2,13130,152,255020,757957
1009,2,13130,152,314196,757957
1010,2,13130,152,254234,757957
1011,2,13130,152,244395,757957
1012,2,13130,152,250752,757957
1013,2,13130,152,255020,757957
1014,2,13130,152,253071,757957
1015,2,13130,152,269846,757957
1016,2,13130,152,255020,757957
1017,2,13130,152,114656,757957
1018,2,13130,152,281992,757957
1019,2,13130,152,269164,757957
1020,2,13130,152,269846,757957
1021,2,13130,152,255020,757957
1022,2,13130,152,255746,757957
1023,2,13130,152,257497,757957
1024,2,13130,152,253070,757957
1025,2,13130,152,253070,757957
1026,2,13130,152,345438,757957
1027,2,13130,152,126568,757957
1028,2,13130,152,372203,757957
1029,2,13130,152,268477,757957
1030,2,13130,152,277253,757957
1031,2,13130,152,36406,757957
1032,2,13130,152,255745,757957
1033,2,13130,152,263802,757957
1034,2,13130,152,255019,757957
1035,2,13130,152,241949,757957
1036,1,6107,85,522001,759424
1037,0,0,0,560197,760178
1038,2,13130,152,577075,760949
1039,2,13130,152,542570,760949
1040,2,13130,152,512833,760949
1041,2,13130,152,359016,760949
1042,2,13130,152,333367,760949
1043,2,13130,152,510980,760949
1044,2,13130,152,562541,760949
1045,2,13130,152,25713,760949
1046,2,13130,152,169889,760949
1047,2,13130,152,148722,760949
1048,2,13130,152,451814,760949
1049,2,13130,152,238474,760949
1050,2,13130,152,512084,760949
1051,2,13130,152,555778,760949
1052,2,13130,152,568622,760949
1053,2,13130,152,23141,760949
1054,2,13130,152,559492,760949
1055,2,13130,152,587647,760949
1056,2,13130,152,250832,760949
1057,2,13130,152,585899,760949
1058,2,13130,152,525933,760949
1059,2,13130,152,528683,760949
1060,2,13130,152,557298,760949
1061,2,13130,152,71802,760949
1062,2,13130,152,70449,760949
1063,2,13130,152,19874,760949
1064,2,13130,152,535549,760949
1065,2,13130,152,548952,760949
1066,2,13130,152,520938,760949
1067,2,13130,152,353736,760949
1068,2,13130,152,541069,760949
1069,2,13130,152,19427,760949
1070,2,13130,152,568622,760949
1071,2,13130,152,578779,760949
1072,2,13130,152,269247,760949
1073,2,13130,152,373582,760949
1074,2,13130,152,473248,760949
1075,2,13130,152,567054,760949
1076,2,13130,152,533922,760949
1077,2,13130,152,313952,760949
1078,2,13130,152,479002,760949
1079,2,13130,152,158254,760949
1080,2,13130,152,582916,760949
1081,2,13130,152,533189,760949
1082,2,13130,152,324701,760949
1083,2,13130,152,556510,760949
1084,2,13130,152,348589,760949
1085,2,13130,152,598525,760949
1086,2,13130,152,271043,760949
1087,2,13130,152,374063,760949
1088,2,13130,152,349599,760949
1089,2,13130,152,558820,760949
1090,2,13130,152,556503,760949
1091,2,13130,152,541067,760949
1092,2,13130,152,590591,760949
1093,2,13130,152,270213,760949
1094,2,13130,152,577957,760949
1095,2,13130,152,249385,760949
1096,2,13130,152,522001,760949
1097,2,13130,152,259218,760949
1098,2,13130,152,255382,760949
1099,2,13130,152,567053,760949
1100,2,13130,152,525932,760949
1101,2,13130,152,530041,760949
1102,2,13130,152,42152,760949
1103,2,13130,152,546532,760949
1104,2,13130,152,559491,760949
1105,2,13130,152,578779,760949
1106,2,13130,152,511958,760949
1107,2,13130,152,567054,760949
1108,2,13130,152,537168,760949
1109,2,13130,152,565420,760949
1110,2,13130,152,267688,760949
1111,2,13130,152,562539,760949
1112,2,13130,152,326751,760949
1113,2,13130,152,533188,760949
1114,2,13130,152,596787,760949
1115,2,13130,152,312379,760949
1116,2,13130,152,541822,760949
1117,2,13130,152,51697,760949
1118,2,13130,152,556503,760949
1119,2,13130,152,530039,760949
1120,2,13130,152,462812,760949
1121,2,13130,152,532112,760949
1122,2,13130,152,530844,760949
1123,2,13130,152,106060,760949
1124,2,13130,152,598524,760949
1125,2,13130,152,578778,760949
1126,2,13130,152,564235,760949
1127,2,13130,152,346369,760949
1128,2,13130,152,385703,760949
1129,2,13130,152,372342,760949
1130,2,13130,152,410049,760949
1131,2,13130,152,452106,760949
1132,2,13130,152,471180,760949
1133,2,13130,152,84100,760949
1134,2,13130,152,66205,760949
1135,2,13130,152,363352,760949
1136,2,13130,152,332951,760949
1137,2,13130,152,588671,760949
1138,2,13130,152,415476,760949
1139,2,13130,152,191373,760949
1140,2,13130,152,552552,760949
1141,2,13130,152,128563,760949
1142,2,13130,152,222123,760949
1143,2,13130,152,54883,760949
1144,2,13130,152,15715,760949
1145,2,13130,152,72848,760949
1146,2,13130,152,313552,760949
1147,2,13130,152,221947,760949
1148,2,13130,152,494163,760949
1149,2,13130,152,13944,760949
1150,2,13130,152,168656,760949
1151,2,13130,152,276169,760949
1152,2,13130,152,597268,760949
1153,2,13130,152,125895,760949
1154,2,13130,152,258285,760949
1155,2,13130,152,244979,760949
1156,2,13130,152,244979,760949
1157,2,13130,152,244978,760949
1158,2,13130,152,256108,760949
1159,2,13130,152,265431,760949
1160,2,13130,152,254609,760949
1161,2,13130,152,259736,760949
1162,2,13130,152,266187,760949
1163,2,13130,152,372682,760949
1164,2,13130,152,254609,760949
1165,2,13130,152,257495,760949
1166,2,13130,152,277398,760949
1167,2,13130,152,246461,760949
1168,2,13130,152,258285,760949
1169,2,13130,152,372681,760949
1170,2,13130,152,271639,760949
1171,2,13130,152,255384,760949
1172,2,13130,152,258285,760949
1173,2,13130,152,280471,760949
1174,2,13130,152,269229,760949
1175,2,13130,152,269229,760949
1176,2,13130,152,373741,760949
1177,2,13130,152,270888,760949
1178,2,13130,152,266187,760949
1179,2,13130,152,253217,760949
1180,2,13130,152,313900,760949
1181,2,13130,152,259735,760949
1182,2,13130,152,246460,760949
1183,2,13130,152,247171,760949
1184,2,13130,152,266187,760949
1185,2,13130,152,30652,760949
1186,2,13130,152,463950,760949
1187,2,13130,152,74336,760949
1188,2,13130,152,522562,760949
1189,2,13130,152,83215,760949
1190,2,13130,152,79749,760949
1191,2,13130,152,69029,760949
1192,2,13130,152,70802,760949
1193,2,13130,152,561721,760949
1194,2,13130,152,63908,760949
1195,2,13130,152,50531,760949
1196,2,13130,152,154307,760949
1197,2,13130,152,55723,760949
1198,2,13130,152,117446,760949
1199,2,13130,152,466377,760949
1200,2,13130,152,112540,760949
1201,2,13130,152,139268,760949
1202,2,13130,152,145635,760949
1203,2,13130,152,155794,760949
1204,2,13130,152,159807,760949
1205,2,13130,152,107337,760949
1206,2,13130,152,214308,760949
1207,2,13130,152,306422,760949
1208,2,13130,152,544910,760949
1209,2,13130,152,120616,760949
1210,2,13130,152,98051,760949
1211,2,13130,152,62970,760949
1212,2,13130,152,259569,760949
1213,2,13130,152,522418,760949
1214,2,13130,152,517497,760949
1215,2,13130,152,213813,760949
1216,2,13130,152,1190,760949
1217,2,13130,152,197839,760949
1218,2,13130,152,156376,760949
1219,2,13130,152,213584,760949
1220,2,13130,152,132112,760949
1221,2,13130,152,451564,760949
1222,2,13130,152,447139,760949
1223,2,13130,152,165276,760949
1224,2,13130,152,233692,760949
1225,2,13130,152,62204,760949
1226,2,13130,152,421438,760949
1227,2,13130,152,53294,760949
1228,2,13130,152,62969,760949
1229,2,13130,152,122120,760949
1230,2,13130,152,163780,760949
1231,2,13130,152,406363,760949
1232,2,13130,152,410879,760949
1233,2,13130,152,439706,760949
1234,2,13130,152,442827,760949
1235,2,13130,152,524113,760949
1236,2,13130,152,63682,760949
1237,2,13130,152,437896,760949
1238,2,13130,152,114218,760949
1239,2,13130,152,148558,760949
1240,2,13130,152,98049,760949
1241,2,13130,152,59923,760949
1242,2,13130,152,585015,760949
1243,2,13130,152,460459,760949
1244,2,13130,152,557310,760949
1245,2,13130,152,53294,760949
1246,2,13130,152,97505,760949
1247,2,13130,152,20704,760949
1248,2,13130,152,16558,760949
1249,2,13130,152,594798,760949
1250,2,13130,152,177940,760949
1251,2,13130,152,516809,760949
1252,2,13130,152,420150,760949
1253,2,13130,152,399838,760949
1254,2,13130,152,226005,760949
1255,2,13130,152,36726,760949
1256,2,13130,152,1185,760949
1257,2,13130,152,51713,760949
1258,2,13130,152,207788,760949
1259,2,13130,152,552861,760949
1260,2,13130,152,552861,760949
1261,2,13130,152,230325,760949
1262,2,13130,152,190241,760949
1263,2,13130,152,191987,760949
1264,2,13130,152,380546,760949
1265,2,13130,152,8205,760949
1266,2,13130,152,1294,760949
1267,2,13130,152,26190,760949
1268,2,13130,152,13412,760949
1269,2,13130,152,572671,760949
1270,2,13130,152,822,760949
1271,2,13130,152,408366,760949
1272,2,13130,152,167104,760949
1273,2,13130,152,357833,760949
1274,2,13130,152,1490,760949
1275,2,13130,152,185000,760949
1276,2,13130,152,188044,760949
1277,2,13130,152,3027,760949
1278,2,13130,152,521003,760949
1279,2,13130,152,189834,760949
1280,2,13130,152,189834,760949
1281,2,13130,152,349058,760949
1282,2,13130,152,23704,760949
1283,2,13130,152,191378,760949
1284,2,13130,152,188044,760949
1285,2,13130,152,334720,760949
1286,2,13130,152,22,760949
1287,2,13130,152,191378,760949
1288,2,13130,152,372929,760949
1289,2,13130,152,149446,760949
1290,2,13130,152,50845,760949
1291,2,13130,152,313822,760949
1292,2,13130,152,180781,760949
1293,2,13130,152,154417,760949
1294,2,13130,152,508568,760949
1295,2,13130,152,549073,760949
1296,2,13130,152,313429,760949
1297,2,13130,152,21112,760949
1298,2,13130,152,250306,760949
1299,2,13130,152,186391,760949
1300,2,13130,152,535743,760949
1301,2,13130,152,490464,760949
1302,2,13130,152,123504,760949
1303,2,13130,152,269546,760949
1304,2,13130,152,41179,760949
1305,2,13130,152,594458,760949
1306,2,13130,152,7178,760949
1307,2,13130,152,18216,760949
1308,2,13130,152,234124,760949
1309,2,13130,152,740,760949
1310,2,13130,152,27791,760949
1311,2,13130,152,92534,760949
1312,2,13130,152,13645,760950
1313,2,13130,152,261269,760950
1314,2,13130,152,9689,760950
1315,2,13130,152,266636,760950
1316,2,13130,152,382575,760950
1317,2,13130,152,552126,760950
1318,2,13130,152,560459,760950
1319,2,13130,152,419191,760950
1320,2,13130,152,115877,760950
1321,2,13130,152,159579,760950
1322,2,13130,152,118058,760950
1323,2,13130,152,415129,760950
1324,2,13130,152,416623,760950
1325,2,13130,152,292471,760950
1326,2,13130,152,59385,760950
1327,2,13130,152,226053,760950
1328,2,13130,152,201819,760950
1329,2,13130,152,246185,760950
1330,2,13130,152,366837,760950
1331,2,13130,152,142745,760950
1332,2,13130,152,35686,760950
1333,1,6107,85,85108,761603
1334,1,4121,8,557986,772013
1335,1,4121,8,381977,772013
1336,1,4121,8,201360,772013
1337,1,4121,8,235076,772013
1338,1,4121,8,227916,772013
1339,1,4121,8,120674,772013
1340,1,4121,8,445037,772013
1341,1,4121,8,16233,772013
1342,1,4121,8,530323,772013
1343,1,4121,8,599810,772013
1344,1,4121,8,62119,772013
1345,1,4121,8,192610,772013
1346,1,4121,8,595572,772013
1347,1,4121,8,122803,772013
1348,1,4121,8,266767,772013
1349,1,4121,8,115361,772013
1350,1,4121,8,368144,772013
1351,1,4121,8,189778,772013
1352,1,4121,8,409014,772013
1353,1,4121,8,112269,772013
1354,1,4121,8,461722,772013
1355,1,4121,8,161493,772013
1356,1,4121,8,109640,772013
1357,1,4121,8,558974,772013
1358,3,50018,759,251018,780915
1359,3,50018,759,22482,780915
1360,1,6253,160,62552,781701
1361,1,6253,160,120738,782569
1362,1,6107,85,308791,790186
1363,1,6107,85,172715,792013
1364,1,6107,85,309498,792974
1365,1,6107,85,124531,793845
1366,1,6107,85,101349,806066
1367,1,1564,2,70482,808753
1368,3,1223,3,316250,808753
1369,1,6107,85,102648,813442
1370,1,6107,85,38200,813443
1371,1,6107,85,107592,816945
1372,1,6107,85,72092,817612
1373,2,8136,16,116354,837406
1374,1,6107,85,309497,839262
1375,1,6107,85,403717,840980
1376,1,6107,85,26542,851139
1377,3,4892,8,257923,853567
1378,1,6107,85,290071,868051
1379,2,13130,152,594447,870116
1380,2,13130,152,572438,870116
1381,2,13130,152,281187,870116
1382,2,13130,152,216123,870116
1383,2,13130,152,540938,870116
1384,2,13130,152,283807,870116
1385,2,13130,152,310953,870116
1386,2,13130,152,308788,870116
1387,2,13130,152,61683,870116
1388,2,13130,152,271040,870116
1389,2,13130,152,583196,870116
1390,2,13130,152,111821,870116
1391,2,13130,152,88744,870116
1392,2,13130,152,546003,870116
1393,2,13130,152,508583,870116
1394,2,13130,152,539355,870116
1395,2,13130,152,253622,870116
1396,2,13130,152,507972,870116
1397,2,13130,152,9251,870116
1398,2,13130,152,457976,870116
1399,2,13130,152,456352,870116
1400,2,13130,152,351131,870116
1401,2,13130,152,170513,870116
1402,2,13130,152,241893,870116
1403,2,13130,152,426886,870116
1404,2,13130,152,435033,870116
1405,2,13130,152,146253,870116
1406,2,13130,152,466553,870117
1407,2,13130,152,213755,870117
1408,2,13130,152,548260,870117
1409,2,13130,152,562809,870117
1410,2,13130,152,127962,870117
1411,2,13130,152,389563,870117
1412,2,13130,152,340374,870117
1413,2,13130,152,358706,870117
1414,2,13130,152,406526,870117
1415,2,13130,152,392577,870117
1416,2,13130,152,109351,870117
1417,2,13130,152,489570,870117
1418,2,13130,152,96545,870117
1419,2,13130,152,73352,870117
1420,2,13130,152,100784,870117
1421,2,13130,152,78858,870117
1422,2,13130,152,55701,870117
1423,2,13130,152,52255,870117
1424,2,13130,152,396952,870117
1425,2,13130,152,598736,870117
1426,2,13130,152,448433,870117
1427,2,13130,152,81932,870117
1428,2,13130,152,27266,870117
1429,2,13130,152,565122,870117
1430,2,13130,152,599013,870117
1431,2,13130,152,565122,870117
1432,2,13130,152,484092,870117
1433,2,13130,152,476847,870117
1434,2,13130,152,557451,870117
1435,2,13130,152,596328,870117
1436,2,13130,152,416631,870117
1437,2,13130,152,405088,870117
1438,2,13130,152,228942,870117
1439,2,13130,152,229596,870117
1440,2,13130,152,229596,870117
1441,2,13130,152,233931,870117
1442,2,13130,152,232414,870117
1443,2,13130,152,546840,870117
1444,2,13130,152,531197,870117
1445,2,13130,152,554262,870117
1446,2,13130,152,553531,870117
1447,2,13130,152,235494,870117
1448,2,13130,152,233113,870117
1449,2,13130,152,236205,870117
1450,2,13130,152,592314,870117
1451,2,13130,152,234703,870117
1452,2,13130,152,483455,870117
1453,2,13130,152,485235,870117
1454,2,13130,152,20107,870117
1455,2,13130,152,30513,870117
1456,2,13130,152,234701,870117
1457,2,13130,152,393835,870117
1458,2,13130,152,325763,870117
1459,2,13130,152,542667,870117
1460,2,13130,152,580295,870117
1461,2,13130,152,533236,870117
1462,2,13130,152,514216,870117
1463,2,13130,152,508626,870117
1464,2,13130,152,539717,870117
1465,2,13130,152,509461,870117
1466,2,13130,152,511244,870117
1467,2,13130,152,530428,870117
1468,2,13130,152,509771,870117
1469,2,13130,152,82678,870117
1470,2,13130,152,76733,870117
1471,2,13130,152,573476,870117
1472,2,13130,152,597322,870117
1473,2,13130,152,568219,870117
1474,2,13130,152,128656,870117
